450
351
311
492
105
389
377
10
409
298
111
232
290
330
187
306
109
459
6
329
3
207
73
91
76
270
468
58
84
200
172
112
349
379
411
104
332
21
294
369
308
397
41
129
246
89
190
29
60
78
183
393
162
312
199
489
102
433
449
286
457
256
197
462
456
395
454
55
435
12
447
2
222
301
460
392
203
277
148
4
119
490
31
205
163
140
463
493
337
469
8
35
265
34
210
225
209
216
157
180
32
262
359
33
320
474
275
426
406
482
333
214
303
291
211
439
386
314
81
233
239
90
98
427
250
229
234
237
340
13
417
268
20
257
128
226
387
185
23
429
141
177
93
327
120
278
442
70
355
300
116
242
24
287
82
483
212
374
441
370
444
401
342
122
236
443
16
413
247
160
404
56
358
14
195
36
335
302
264
96
40
455
258
22
259
445
245
83
52
415
244
274
352
192
39
92
164
150
61
9
159
251
62
383
182
360
396
324
27
126
292
414
138
131
421
271
440
179
461
50
488
156
407
79
86
154
227
353
367
400
494
295
273
305
285
149
283
376
152
171
276
479
213
436
464
453
194
118
254
97
