483
201
314
495
305
310
152
422
43
285
21
349
382
203
66
53
371
325
395
338
439
283
173
328
494
393
316
476
409
145
11
475
182
139
141
267
376
36
358
7
278
221
30
458
155
161
398
345
187
140
488
248
301
479
250
496
348
262
471
177
432
114
98
288
341
202
489
54
375
343
35
379
460
469
324
14
31
226
373
390
297
191
481
117
465
434
312
44
459
335
292
20
346
160
364
456
498
353
132
347
13
205
19
163
410
321
467
41
219
224
302
108
65
298
210
492
209
480
228
28
105
284
62
240
49
464
452
473
167
309
169
303
300
291
412
320
119
318
69
238
455
77
351
417
374
370
392
181
26
242
50
81
176
362
73
95
4
135
336
229
413
149
52
420
440
391
442
10
426
96
136
5
106
84
39
67
80
109
46
55
369
263
123
48
261
75
241
58
233
245
401
276
435
82
437
352
18
222
212
404
282
151
411
27
436
295
74
487
206
294
220
124
33
37
192
367
188
147
42
315
383
204
185
330
168
246
215
23
272
500
430
468
196
344
497
87
363
482
394
423
165
269
142
216
450
47
70
385
112
172
