72
193
417
7
280
173
403
336
420
454
300
320
30
213
124
242
142
449
263
37
450
293
297
224
457
32
11
423
181
77
25
98
256
248
341
222
128
327
435
115
221
331
456
276
474
111
436
18
359
166
158
479
296
313
257
164
60
277
346
324
246
219
285
274
267
382
407
319
68
385
45
198
212
191
155
116
162
305
64
65
284
17
497
286
38
314
464
466
315
500
230
228
332
368
20
410
94
146
90
363
318
26
217
245
299
325
5
251
434
354
207
48
136
100
102
397
463
440
199
176
432
437
329
179
415
288
424
356
71
4
425
2
462
419
53
105
406
19
467
170
89
92
328
400
123
249
13
200
357
140
104
56
95
317
8
494
469
152
342
206
396
134
367
477
73
130
36
66
309
473
254
279
499
383
304
202
113
428
411
495
243
389
35
223
41
150
240
390
272
211
339
10
227
289
386
384
163
106
42
187
232
311
185
446
412
112
306
165
381
364
343
93
172
145
84
278
28
295
12
307
380
44
125
186
169
375
1
361
57
250
484
86
63
345
218
455
453
87
465
322
408
101
490
167
414
298
458
379
3
120
