100/study/sax_46/IM-6388-0001.dcm	121	80	32	32
100/study/sax_47/IM-6389-0001.dcm	114	77	36	36
100/study/sax_48/IM-6390-0001.dcm	117.5	81.5	33	33
101/study/sax_44/IM-8096-0001.dcm	129.5	66.5	33	33
101/study/sax_45/IM-8097-0001.dcm	120.5	67.5	33	33
102/study/sax_9/IM-4001-0001.dcm	133	59	32	32
102/study/sax_10/IM-4002-0001.dcm	134	60	32	32
103/study/sax_8/IM-7826-0001.dcm	110.5	63.5	33	33
103/study/sax_9/IM-7827-0001.dcm	108.5	61.5	35	35
103/study/sax_10/IM-7828-0001.dcm	109.5	61.5	33	33
104/study/sax_7/IM-14358-0001.dcm	100.5	64.5	27	27
104/study/sax_8/IM-14359-0001.dcm	102	63	30	30
104/study/sax_9/IM-14360-0001.dcm	107	65	28	28
105/study/sax_30/IM-0567-0001.dcm	103	71	42	42
105/study/sax_31/IM-0568-0001.dcm	107	72	40	40
106/study/sax_40/IM-12278-0001.dcm	95.5	75.5	31	31
106/study/sax_41/IM-12279-0001.dcm	93	73	32	32
107/study/sax_10/IM-11944-0001.dcm	96.5	66.5	33	33
107/study/sax_11/IM-11945-0001.dcm	98	63	36	36
108/study/sax_10/IM-2909-0001.dcm	153.5	80.5	69	69
108/study/sax_11/IM-2910-0001.dcm	150	83	72	72
109/study/sax_13/IM-7262-0001.dcm	101	47	44	44
109/study/sax_14/IM-7263-0001.dcm	99	46	46	46
109/study/sax_15/IM-7264-0001.dcm	100.5	47.5	43	43
10/study/sax_10/IM-13304-0001.dcm	89	60	38	38
10/study/sax_8/IM-13302-0001.dcm	90.5	63.5	39	39
10/study/sax_9/IM-13303-0001.dcm	87.5	63.5	39	39
110/study/sax_10/IM-4979-0001.dcm	99	93	28	28
110/study/sax_8/IM-4977-0001.dcm	100.5	93.5	31	31
110/study/sax_9/IM-4978-0001.dcm	99.5	91.5	31	31
111/study/sax_16/IM-10174-0001.dcm	103	68	36	36
111/study/sax_17/IM-10175-0001.dcm	105.5	69.5	35	35
111/study/sax_18/IM-10176-0001.dcm	101.5	65.5	39	39
112/study/sax_33/IM-12244-0001.dcm	110	89	24	24
112/study/sax_34/IM-12245-0001.dcm	109	85	28	28
113/study/sax_10/IM-4928-0001.dcm	102.5	77.5	31	31
113/study/sax_8/IM-4926-0001.dcm	103	79	28	28
113/study/sax_9/IM-4927-0001.dcm	104	79	32	32
114/study/sax_10/IM-10851-0001.dcm	121.5	73.5	31	31
114/study/sax_8/IM-10849-0001.dcm	121.5	74.5	31	31
114/study/sax_9/IM-10850-0001.dcm	120.5	74.5	31	31
115/study/sax_50/IM-7757-0001.dcm	104	74	34	34
115/study/sax_51/IM-7758-0001.dcm	100.5	75.5	33	33
116/study/sax_46/IM-7839-0001.dcm	111	58	40	40
116/study/sax_47/IM-7840-0001.dcm	110	59	40	40
117/study/sax_76/IM-11654-0001.dcm	105.5	78.5	39	39
117/study/sax_77/IM-11655-0001.dcm	103	78	38	38
117/study/sax_78/IM-11656-0001.dcm	104	77	38	38
118/study/sax_12/IM-12043-0001.dcm	104	75	38	38
118/study/sax_13/IM-12044-0001.dcm	101	77	36	36
119/study/sax_10/IM-12482-0001.dcm	103	52	44	44
119/study/sax_9/IM-12481-0001.dcm	104.5	54.5	45	45
11/study/sax_13/IM-11933-0001.dcm	109.5	79.5	31	31
11/study/sax_14/IM-11934-0001.dcm	111.5	81.5	29	29
11/study/sax_15/IM-11935-0001.dcm	116	78	24	24
120/study/sax_24/IM-0464-0001.dcm	224.5	145.5	53	53
120/study/sax_25/IM-0465-0001.dcm	227	146	48	48
121/study/sax_10/IM-2078-0001.dcm	279.5	117.5	79	79
121/study/sax_11/IM-2079-0001.dcm	282	122	76	76
122/study/sax_10/IM-10777-0001.dcm	112.5	68.5	31	31
122/study/sax_8/IM-10775-0001.dcm	113.5	68.5	31	31
122/study/sax_9/IM-10776-0001.dcm	114	68	32	32
123/study/sax_4/IM-2394-0001-0004.dcm	211.5	131.5	57	57
123/study/sax_5/IM-2394-0001-0005.dcm	216.5	128.5	61	61
124/study/sax_10/IM-5680-0001.dcm	105	61	38	38
124/study/sax_8/IM-5678-0001.dcm	108	63	38	38
124/study/sax_9/IM-5679-0001.dcm	104	63	38	38
125/study/sax_16/IM-0118-0001.dcm	169	92	78	78
125/study/sax_17/IM-0119-0001.dcm	164.5	92.5	77	77
126/study/sax_15/IM-0620-0001.dcm	236	147	54	54
126/study/sax_16/IM-0621-0001.dcm	238.5	149.5	53	53
127/study/sax_53/IM-8859-0001.dcm	99	50	34	34
127/study/sax_54/IM-8860-0001.dcm	99.5	47.5	31	31
127/study/sax_55/IM-8861-0001.dcm	95	43	32	32
128/study/sax_52/IM-7952-0001.dcm	128	57	30	30
128/study/sax_53/IM-7953-0001.dcm	122	54	34	34
128/study/sax_54/IM-7954-0001.dcm	122	51	34	34
129/study/sax_10/IM-1593-0001.dcm	120	115	54	54
129/study/sax_11/IM-1594-0001.dcm	121.5	111.5	55	55
12/study/sax_15/IM-14175-0001.dcm	105.5	57.5	29	29
12/study/sax_16/IM-14176-0001.dcm	106	56	26	26
130/study/sax_44/IM-8629-0001.dcm	103.5	61.5	39	39
130/study/sax_45/IM-8630-0001.dcm	103.5	60.5	37	37
131/study/sax_13/IM-1082-0001.dcm	173	120	78	78
131/study/sax_14/IM-1083-0001.dcm	170	119	80	80
132/study/sax_10/IM-6958-0001.dcm	99.5	61.5	33	33
132/study/sax_8/IM-6956-0001.dcm	101.5	63.5	33	33
132/study/sax_9/IM-6957-0001.dcm	101	63	32	32
133/study/sax_10/IM-4346-0001.dcm	130.5	54.5	29	29
133/study/sax_9/IM-4345-0001.dcm	125	56	34	34
134/study/sax_10/IM-12694-0001.dcm	94.5	52.5	41	41
134/study/sax_8/IM-12692-0001.dcm	99	53	44	44
134/study/sax_9/IM-12693-0001.dcm	97.5	53.5	41	41
135/study/sax_10/IM-11852-0001.dcm	90.5	59.5	39	39
135/study/sax_11/IM-11853-0001.dcm	90.5	60.5	41	41
136/study/sax_10/IM-2314-0001.dcm	219.5	141.5	67	67
136/study/sax_11/IM-2315-0001.dcm	213.5	142.5	71	71
137/study/sax_40/IM-13589-0001.dcm	101	64	32	32
137/study/sax_41/IM-13590-0001.dcm	98.5	59.5	35	35
137/study/sax_42/IM-13591-0001.dcm	95.5	56.5	33	33
138/study/sax_49/IM-13765-0001.dcm	113	58	32	32
138/study/sax_50/IM-13766-0001.dcm	113.5	56.5	31	31
139/study/sax_16/IM-1373-0001.dcm	276.5	188.5	47	47
139/study/sax_17/IM-1374-0001.dcm	272	182	58	58
13/study/sax_40/IM-12312-0001.dcm	106.5	72.5	35	35
13/study/sax_41/IM-12313-0001.dcm	106.5	69.5	37	37
140/study/sax_33/IM-0705-0001.dcm	148.5	88.5	69	69
140/study/sax_34/IM-0706-0001.dcm	149	85	68	68
141/study/sax_10/IM-5184-0001.dcm	111.5	63.5	41	41
141/study/sax_8/IM-5182-0001.dcm	109	67	38	38
141/study/sax_9/IM-5183-0001.dcm	108	69	40	40
142/study/sax_10/IM-10596-0001.dcm	98	72	32	32
142/study/sax_9/IM-10595-0001.dcm	96.5	69.5	33	33
143/study/sax_71/IM-13534-0001.dcm	114	60	38	38
143/study/sax_74/IM-13535-0001.dcm	111.5	59.5	37	37
143/study/sax_75/IM-13536-0001.dcm	113.5	61.5	35	35
144/study/sax_44/IM-12006-0001.dcm	106	63	28	28
144/study/sax_45/IM-12007-0001.dcm	103.5	61.5	29	29
145/study/sax_46/IM-14024-0001.dcm	109	72	30	30
145/study/sax_47/IM-14025-0001.dcm	107	70	32	32
145/study/sax_48/IM-14026-0001.dcm	108.5	73.5	29	29
146/study/sax_67/IM-6587-0001.dcm	92	64	40	40
146/study/sax_68/IM-6588-0001.dcm	90.5	66.5	41	41
147/study/sax_10/IM-10149-0001.dcm	107	69	28	28
147/study/sax_8/IM-10147-0001.dcm	108	69	28	28
147/study/sax_9/IM-10148-0001.dcm	107.5	64.5	29	29
148/study/sax_12/IM-7865-0001.dcm	124.5	69.5	37	37
148/study/sax_11/IM-7864-0001.dcm	121	69	42	42
149/study/sax_10/IM-3340-0001.dcm	199	93	78	78
149/study/sax_11/IM-3341-0001.dcm	198.5	95.5	77	77
14/study/sax_13/	96.5	85.5	31	31
14/study/sax_14/	96.5	87.5	27	27
14/study/sax_15/IM-12961-0001.dcm	96.5	88.5	23	23
14/study/sax_16/IM-12962-0001.dcm	103	90	18	18
150/study/sax_10/IM-4037-0001.dcm	104.5	74.5	37	37
150/study/sax_8/IM-4035-0001.dcm	105	76	38	38
150/study/sax_9/IM-4036-0001.dcm	104	75	38	38
151/study/sax_8/IM-7455-0001.dcm	102.5	69.5	35	35
151/study/sax_9/IM-7456-0001.dcm	105.5	69.5	33	33
152/study/sax_10/IM-11670-0001.dcm	130.5	51.5	35	35
152/study/sax_8/IM-11668-0001.dcm	127	51	40	40
152/study/sax_9/IM-11669-0001.dcm	129	52	38	38
153/study/sax_49/IM-4608-0001.dcm	103.5	56.5	31	31
153/study/sax_50/IM-4609-0001.dcm	105	55	32	32
154/study/sax_10/IM-5171-0001.dcm	131.5	50.5	37	37
154/study/sax_9/IM-5170-0001.dcm	131	53	38	38
155/study/sax_22/IM-2983-0001.dcm	297.5	188.5	73	73
155/study/sax_23/IM-2984-0001.dcm	294.5	189.5	75	75
156/study/sax_13/IM-3735-0001.dcm	209	120	66	66
156/study/sax_14/IM-3736-0001.dcm	215	118	68	68
157/study/sax_10/IM-11575-0001.dcm	100	48	34	34
157/study/sax_9/IM-11574-0001.dcm	100	50	34	34
158/study/sax_40/IM-12987-0001.dcm	125.5	53.5	37	37
158/study/sax_41/IM-12988-0001.dcm	125	53	38	38
158/study/sax_42/IM-12989-0001.dcm	126.5	49.5	39	39
159/study/sax_8/IM-13776-0001.dcm	108.5	65.5	31	31
159/study/sax_9/IM-13777-0001.dcm	108.5	65.5	33	33
15/study/sax_10/IM-7408-0001.dcm	84.5	59.5	41	41
15/study/sax_9/IM-7407-0001.dcm	86.5	60.5	41	41
160/study/sax_10/IM-12350-0001.dcm	95.5	68.5	41	41
160/study/sax_9/IM-12349-0001.dcm	95	70	40	40
161/study/sax_40/IM-4952-0001.dcm	101.5	64.5	33	33
161/study/sax_41/IM-4953-0001.dcm	101	63	32	32
161/study/sax_42/IM-4954-0001.dcm	104	63	30	30
162/study/sax_19/IM-3017-0001.dcm	204.5	141.5	67	67
162/study/sax_20/IM-3018-0001.dcm	199	138	68	68
163/study/sax_15/IM-7570-0001.dcm	104	72	44	44
163/study/sax_16/IM-7571-0001.dcm	107	73	42	42
163/study/sax_17/IM-7572-0001.dcm	108.5	72.5	39	39
164/study/sax_10/IM-8425-0001.dcm	107	68	30	30
164/study/sax_9/IM-8424-0001.dcm	115.5	73.5	21	21
165/study/sax_15/IM-12060-0001.dcm	104	78	38	38
165/study/sax_16/IM-12061-0001.dcm	103.5	77.5	37	37
166/study/sax_46/IM-8278-0001.dcm	96	67	32	32
166/study/sax_47/IM-8279-0001.dcm	95	67	32	32
167/study/sax_20/IM-6810-0001.dcm	108.5	76.5	33	33
167/study/sax_21/IM-6811-0001.dcm	107	77	32	32
168/study/sax_10/IM-6353-0001.dcm	110.5	55.5	29	29
168/study/sax_11/IM-6354-0001.dcm	108.5	53.5	31	31
168/study/sax_9/IM-6352-0001.dcm	107.5	55.5	33	33
169/study/sax_8/IM-10523-0001.dcm	135.5	52.5	37	37
169/study/sax_9/IM-10524-0001.dcm	137.5	53.5	35	35
16/study/sax_10/IM-8580-0001.dcm	93	54	34	34
16/study/sax_9/IM-8579-0001.dcm	95.5	55.5	35	35
170/study/sax_10/IM-11025-0001.dcm	87	52	38	38
170/study/sax_11/IM-11026-0001.dcm	90	52	36	36
170/study/sax_9/IM-11024-0001.dcm	92.5	52.5	35	35
171/study/sax_10/IM-3059-0001.dcm	185	171	60	60
171/study/sax_11/IM-3060-0001.dcm	181.5	165.5	61	61
172/study/sax_18/IM-0502-0001.dcm	104	76	70	70
172/study/sax_19/IM-0503-0001.dcm	107.5	78.5	65	65
173/study/sax_15/IM-13639-0001.dcm	113.5	80.5	29	29
173/study/sax_16/IM-13640-0001.dcm	114	82	28	28
173/study/sax_17/IM-13641-0001.dcm	113.5	83.5	29	29
174/study/sax_44/IM-8194-0001.dcm	118.5	60.5	37	37
174/study/sax_45/IM-8195-0001.dcm	116.5	61.5	37	37
174/study/sax_46/IM-8196-0001.dcm	119.5	61.5	33	33
175/study/sax_46/IM-13677-0001.dcm	99	66	44	44
175/study/sax_47/IM-13678-0001.dcm	99.5	64.5	43	43
175/study/sax_48/IM-13679-0001.dcm	94	66	44	44
176/study/sax_41/IM-11059-0001.dcm	110	64	24	24
176/study/sax_42/IM-11060-0001.dcm	104	58	28	28
176/study/sax_43/IM-11061-0001.dcm	101.5	56.5	29	29
177/study/sax_12/IM-11551-0001.dcm	113	118	32	32
177/study/sax_13/IM-11552-0001.dcm	115.5	115.5	31	31
178/study/sax_11/IM-4383-0001.dcm	110	76	36	36
178/study/sax_12/IM-4384-0001.dcm	108.5	76.5	33	33
179/study/sax_51/IM-11877-0001.dcm	101	66	34	34
179/study/sax_52/IM-11878-0001.dcm	104	66	34	34
17/study/sax_15/IM-5989-0001.dcm	106.5	78.5	35	35
17/study/sax_16/IM-5990-0001.dcm	107.5	78.5	33	33
180/study/sax_10/IM-10536-0001.dcm	107	73	32	32
180/study/sax_8/IM-10534-0001.dcm	99.5	68.5	37	37
180/study/sax_9/IM-10535-0001.dcm	100.5	69.5	37	37
181/study/sax_10/IM-10839-0001.dcm	116.5	67.5	27	27
181/study/sax_8/IM-10837-0001.dcm	119	70	28	28
181/study/sax_9/IM-10838-0001.dcm	118	65	30	30
182/study/sax_10/IM-9953-0001.dcm	109.5	46.5	29	29
182/study/sax_8/IM-9951-0001.dcm	109.5	49.5	29	29
182/study/sax_9/IM-9952-0001.dcm	110	47	28	28
183/study/sax_10/IM-4173-0001.dcm	83.5	80.5	35	35
183/study/sax_8/IM-4171-0001.dcm	81.5	80.5	37	37
183/study/sax_9/IM-4172-0001.dcm	82.5	81.5	35	35
184/study/sax_10/IM-3920-0001.dcm	110.5	60.5	33	33
184/study/sax_11/IM-3921-0001.dcm	110.5	59.5	33	33
184/study/sax_9/IM-3919-0001.dcm	111	65	32	32
185/study/sax_10/IM-14223-0001.dcm	106.5	47.5	31	31
185/study/sax_11/IM-14224-0001.dcm	107	47	32	32
186/study/sax_50/IM-10048-0001.dcm	100	58	36	36
186/study/sax_51/IM-10049-0001.dcm	98.5	55.5	37	37
187/study/sax_10/IM-5079-0001.dcm	93.5	48.5	35	35
187/study/sax_8/IM-5077-0001.dcm	94.5	50.5	39	39
187/study/sax_9/IM-5078-0001.dcm	93.5	48.5	37	37
188/study/sax_47/IM-8255-0001.dcm	111.5	77.5	39	39
188/study/sax_48/IM-8256-0001.dcm	106	75	40	40
189/study/sax_10/IM-11285-0001.dcm	96	51	40	40
189/study/sax_9/IM-11284-0001.dcm	93.5	52.5	39	39
18/study/sax_10/IM-7517-0001.dcm	113.5	46.5	35	35
18/study/sax_11/IM-7518-0001.dcm	111.5	49.5	35	35
190/study/sax_44/IM-7275-0001.dcm	96	67	38	38
190/study/sax_45/IM-7276-0001.dcm	95.5	66.5	37	37
190/study/sax_46/IM-7277-0001.dcm	99	72	28	28
191/study/sax_46/IM-4512-0001.dcm	122	70	24	24
191/study/sax_47/IM-4513-0001.dcm	117.5	68.5	27	27
192/study/sax_40/IM-12372-0001.dcm	115	57	34	34
192/study/sax_41/IM-12373-0001.dcm	110.5	57.5	35	35
192/study/sax_42/IM-12374-0001.dcm	109.5	57.5	35	35
193/study/sax_11/IM-3401-0001.dcm	226	102	68	68
193/study/sax_12/IM-3402-0001.dcm	233	104	62	62
194/study/sax_28/IM-5019-0001.dcm	111.5	70.5	31	31
194/study/sax_29/IM-5020-0001.dcm	116	71	30	30
195/study/sax_82/IM-13377-0001.dcm	116.5	64.5	35	35
195/study/sax_83/IM-13378-0001.dcm	112.5	64.5	35	35
195/study/sax_84/IM-13379-0001.dcm	114.5	66.5	31	31
195/study/sax_85/IM-13380-0001.dcm	117	68	26	26
195/study/sax_87/IM-13382-0001.dcm	115.5	64.5	29	29
196/study/sax_10/IM-2210-0001.dcm	132.5	81.5	53	53
196/study/sax_9/IM-2209-0001.dcm	133	80	54	54
197/study/sax_11/IM-4062-0001.dcm	110.5	80.5	31	31
197/study/sax_12/IM-4063-0001.dcm	115.5	78.5	29	29
198/study/sax_21/IM-3934-0001.dcm	99.5	67.5	33	33
198/study/sax_22/IM-3935-0001.dcm	96	62	36	36
198/study/sax_23/IM-3936-0001.dcm	95	61	36	36
199/study/sax_10/IM-11523-0001.dcm	100.5	83.5	37	37
199/study/sax_11/IM-11524-0001.dcm	103.5	83.5	33	33
19/study/sax_10/IM-8704-0001.dcm	105.5	59.5	35	35
19/study/sax_8/IM-8702-0001.dcm	104.5	59.5	35	35
19/study/sax_9/IM-8703-0001.dcm	106.5	60.5	31	31
1/study/sax_10/IM-4562-0001.dcm	107	95	36	36
1/study/sax_11/IM-4563-0001.dcm	107	93	34	34
1/study/sax_12/IM-4564-0001.dcm	118	98	32	32
1/study/sax_13/IM-4565-0001.dcm	116.5	98.5	29	29
1/study/sax_15/IM-4567-0001.dcm	123.5	106.5	15	15
200/study/sax_44/IM-6466-0001.dcm	107	67	30	30
200/study/sax_45/IM-6467-0001.dcm	107.5	63.5	29	29
201/study/sax_32/IM-9914-0001.dcm	99	57	32	32
201/study/sax_33/IM-9915-0001.dcm	94.5	59.5	27	27
201/study/sax_34/IM-9916-0001.dcm	95	57	26	26
202/study/sax_14/IM-3775-0001.dcm	204	127	62	62
202/study/sax_16/IM-3776-0001.dcm	201.5	130.5	57	57
203/study/sax_11/IM-11136-0001.dcm	116	111	26	26
203/study/sax_12/IM-11137-0001.dcm	109	108	32	32
203/study/sax_13/IM-11138-0001.dcm	113	113	26	26
204/study/sax_52/IM-5941-0001.dcm	127.5	69.5	31	31
204/study/sax_53/IM-5942-0001.dcm	120.5	70.5	29	29
204/study/sax_54/IM-5943-0001.dcm	125.5	74.5	27	27
205/study/sax_23/IM-9415-0001.dcm	106	52	32	32
205/study/sax_24/IM-9416-0001.dcm	112.5	54.5	29	29
206/study/sax_16/IM-0050-0001.dcm	166	103	58	58
206/study/sax_17/IM-0051-0001.dcm	165.5	101.5	61	61
207/study/sax_10/IM-13244-0001.dcm	105	94	40	40
207/study/sax_9/IM-13243-0001.dcm	104.5	91.5	43	43
208/study/sax_14/IM-1024-0001.dcm	119	84	62	62
208/study/sax_15/IM-1025-0001.dcm	120.5	84.5	61	61
209/study/sax_13/IM-10904-0001.dcm	115	78	32	32
209/study/sax_14/IM-10905-0001.dcm	117	81	30	30
20/study/sax_15/IM-8906-0001.dcm	106	56	34	34
20/study/sax_16/IM-8907-0001.dcm	105	55	38	38
210/study/sax_10/IM-9355-0001.dcm	123.5	56.5	43	43
210/study/sax_9/IM-9354-0001.dcm	129.5	60.5	43	43
211/study/sax_10/IM-12397-0001.dcm	104.5	55.5	35	35
211/study/sax_11/IM-12398-0001.dcm	108.5	57.5	33	33
211/study/sax_9/IM-12396-0001.dcm	104.5	57.5	35	35
212/study/sax_11/IM-2633-0001.dcm	178	118	30	30
212/study/sax_12/IM-2634-0001.dcm	178.5	120.5	29	29
213/study/sax_10/IM-4731-0001.dcm	85.5	59.5	39	39
213/study/sax_9/IM-4730-0001.dcm	88	64	36	36
214/study/sax_10/IM-8349-0001.dcm	108.5	73.5	39	39
214/study/sax_11/IM-8350-0001.dcm	106.5	71.5	37	37
214/study/sax_9/IM-8348-0001.dcm	110.5	77.5	37	37
215/study/sax_12/IM-2704-0001.dcm	181.5	128.5	53	53
215/study/sax_14/IM-2705-0001.dcm	186	130	46	46
216/study/sax_46/IM-5652-0001.dcm	111.5	60.5	27	27
216/study/sax_48/IM-5653-0001.dcm	106.5	54.5	33	33
217/study/sax_8/IM-12911-0001.dcm	90.5	61.5	39	39
217/study/sax_9/IM-12912-0001.dcm	87	61	38	38
218/study/sax_10/IM-8728-0001.dcm	115.5	99.5	35	35
218/study/sax_11/IM-8729-0001.dcm	115.5	99.5	35	35
218/study/sax_12/IM-8730-0001.dcm	118	100	32	32
219/study/sax_10/IM-12156-0001.dcm	102.5	55.5	37	37
219/study/sax_11/IM-12157-0001.dcm	99	55	40	40
219/study/sax_12/IM-12158-0001.dcm	100	54	40	40
21/study/sax_10/IM-11920-0001.dcm	104	63	32	32
21/study/sax_9/IM-11919-0001.dcm	105	64	30	30
220/study/sax_10/IM-4705-0001.dcm	96	49	52	52
220/study/sax_12/IM-4706-0001.dcm	102	46	50	50
220/study/sax_9/IM-4704-0001.dcm	97.5	54.5	51	51
221/study/sax_8/IM-13024-0001.dcm	129.5	73.5	31	31
221/study/sax_9/IM-13025-0001.dcm	134	71	32	32
222/study/sax_10/IM-10500-0001.dcm	105.5	88.5	35	35
222/study/sax_8/IM-10498-0001.dcm	109	95	32	32
222/study/sax_9/IM-10499-0001.dcm	105.5	91.5	33	33
223/study/sax_18/IM-0660-0001.dcm	94	93	40	40
223/study/sax_20/IM-0662-0001.dcm	98	91	38	38
223/study/sax_21/IM-0663-0001.dcm	102.5	95.5	31	31
224/study/sax_49/IM-6945-0001.dcm	99.5	55.5	33	33
224/study/sax_50/IM-6946-0001.dcm	98	54	34	34
225/study/sax_17/IM-14085-0001.dcm	115.5	66.5	31	31
225/study/sax_18/IM-14086-0001.dcm	105.5	69.5	29	29
226/study/sax_11/IM-11123-0001.dcm	112.5	88.5	33	33
226/study/sax_12/IM-11124-0001.dcm	117	88	32	32
227/study/sax_45/IM-13113-0001.dcm	113	54	32	32
227/study/sax_46/IM-13114-0001.dcm	117	52	32	32
228/study/sax_10/IM-5054-0001.dcm	125.5	74.5	29	29
228/study/sax_9/IM-5053-0001.dcm	125.5	75.5	29	29
229/study/sax_51/IM-10453-0001.dcm	107	44	36	36
229/study/sax_52/IM-10454-0001.dcm	103	41	40	40
229/study/sax_53/IM-10455-0001.dcm	109	43	36	36
22/study/sax_11/IM-10763-0001.dcm	107.5	62.5	39	39
22/study/sax_12/IM-10764-0001.dcm	111.5	65.5	35	35
22/study/sax_13/IM-10765-0001.dcm	115	68	30	30
230/study/sax_15/IM-1417-0001.dcm	278	211	76	76
230/study/sax_16/IM-1418-0001.dcm	275.5	209.5	79	79
231/study/sax_10/IM-11272-0001.dcm	117.5	61.5	39	39
231/study/sax_11/IM-11273-0001.dcm	122	60	36	36
231/study/sax_9/IM-11271-0001.dcm	116	61	40	40
232/study/sax_14/IM-8157-0001.dcm	112	85	36	36
232/study/sax_15/IM-8158-0001.dcm	118	85	36	36
233/study/sax_14/IM-12144-0001.dcm	105	72	34	34
233/study/sax_15/IM-12145-0001.dcm	106.5	71.5	33	33
233/study/sax_16/IM-12146-0001.dcm	104	68	34	34
234/study/sax_5/IM-3098-0001-0005.dcm	182	150	84	84
234/study/sax_6/IM-3098-0001-0006.dcm	182	150	84	84
235/study/sax_10/IM-6431-0001.dcm	95.5	66.5	37	37
235/study/sax_8/IM-6430-0001.dcm	97	66	36	36
236/study/sax_10/IM-5133-0001.dcm	98.5	56.5	35	35
236/study/sax_8/IM-5131-0001.dcm	98	58	38	38
236/study/sax_9/IM-5132-0001.dcm	96	58	36	36
237/study/sax_15/IM-0516-0001.dcm	202.5	177.5	65	65
237/study/sax_16/IM-0517-0001.dcm	198.5	179.5	63	63
238/study/sax_16/IM-4865-0001.dcm	89	71	38	38
238/study/sax_17/IM-4866-0001.dcm	87	67	38	38
238/study/sax_18/IM-4867-0001.dcm	88	66	40	40
239/study/sax_11/IM-2235-0001.dcm	241.5	126.5	75	75
239/study/sax_12/IM-2236-0001.dcm	230	131	76	76
23/study/sax_12/IM-1319-0001.dcm	163	137	74	74
23/study/sax_13/IM-1320-0001.dcm	164.5	135.5	77	77
240/study/sax_15/IM-0748-0001.dcm	144	114	76	76
240/study/sax_20/IM-0749-0001.dcm	141.5	113.5	73	73
241/study/sax_27/IM-0158-0001.dcm	259	100	72	72
241/study/sax_28/IM-0159-0001.dcm	264	104	68	68
241/study/sax_29/IM-0160-0001.dcm	264.5	102.5	67	67
242/study/sax_10/IM-6686-0001.dcm	90.5	81.5	43	43
242/study/sax_9/IM-6685-0001.dcm	89	82	42	42
243/study/sax_14/IM-2010-0001.dcm	185	89	56	56
243/study/sax_15/IM-2011-0001.dcm	178	85	60	60
244/study/sax_10/IM-3598-0001.dcm	176	125	64	64
244/study/sax_11/IM-3599-0001.dcm	179.5	126.5	65	65
245/study/sax_10/IM-5603-0001.dcm	99.5	49.5	43	43
245/study/sax_9/IM-5602-0001.dcm	100.5	51.5	43	43
246/study/sax_10/IM-2520-0001.dcm	198.5	149.5	83	83
246/study/sax_11/IM-2521-0001.dcm	203.5	150.5	79	79
247/study/sax_10/IM-10442-0001.dcm	128.5	77.5	33	33
247/study/sax_8/IM-10440-0001.dcm	124.5	79.5	33	33
247/study/sax_9/IM-10441-0001.dcm	124.5	76.5	33	33
248/study/sax_10/IM-3378-0001.dcm	184.5	156.5	67	67
248/study/sax_11/IM-3379-0001.dcm	189.5	159.5	61	61
248/study/sax_9/IM-3377-0001.dcm	186	156	64	64
249/study/sax_10/IM-2507-0001.dcm	201	150	78	78
249/study/sax_11/IM-2508-0001.dcm	200.5	153.5	77	77
24/study/sax_44/IM-10085-0001.dcm	113	74	28	28
24/study/sax_45/IM-10086-0001.dcm	113	71	30	30
24/study/sax_46/IM-10087-0001.dcm	112.5	73.5	29	29
250/study/sax_8/IM-12517-0001.dcm	105	81	34	34
250/study/sax_9/IM-12518-0001.dcm	103	81	36	36
251/study/sax_10/IM-4621-0001.dcm	110	66	30	30
251/study/sax_8/IM-4619-0001.dcm	104.5	64.5	33	33
251/study/sax_9/IM-4620-0001.dcm	102.5	65.5	31	31
252/study/sax_8/IM-12456-0001.dcm	108	72	26	26
252/study/sax_9/IM-12457-0001.dcm	112	64	28	28
253/study/sax_31/IM-13812-0001.dcm	101	75	32	32
253/study/sax_32/IM-13813-0001.dcm	99	73	32	32
253/study/sax_33/IM-13814-0001.dcm	101	75	32	32
254/study/sax_10/IM-10287-0001.dcm	108.5	60.5	33	33
254/study/sax_8/IM-10285-0001.dcm	109.5	61.5	33	33
254/study/sax_9/IM-10286-0001.dcm	106.5	60.5	33	33
255/study/sax_10/IM-4149-0001.dcm	105	52	40	40
255/study/sax_8/IM-4147-0001.dcm	104	55	32	32
255/study/sax_9/IM-4148-0001.dcm	108.5	55.5	33	33
256/study/sax_10/IM-11958-0001.dcm	104	69	38	38
256/study/sax_8/IM-11956-0001.dcm	104.5	71.5	37	37
256/study/sax_9/IM-11957-0001.dcm	104.5	70.5	37	37
257/study/sax_12/IM-7349-0001.dcm	106.5	62.5	33	33
257/study/sax_13/IM-7350-0001.dcm	106.5	62.5	33	33
257/study/sax_14/IM-7351-0001.dcm	106	63	34	34
258/study/sax_10/IM-4285-0001.dcm	132	74	34	34
258/study/sax_11/IM-4286-0001.dcm	134	74	34	34
259/study/sax_10/IM-11782-0001.dcm	96.5	48.5	35	35
259/study/sax_9/IM-11781-0001.dcm	97	50	34	34
25/study/sax_40/IM-6771-0001.dcm	126	66	38	38
25/study/sax_41/IM-6772-0001.dcm	131	66	34	34
260/study/sax_11/IM-14072-0001.dcm	121	75	28	28
261/study/sax_44/IM-14036-0001.dcm	92.5	61.5	39	39
261/study/sax_45/IM-14037-0001.dcm	94	61	36	36
262/study/sax_50/IM-9451-0001.dcm	117.5	57.5	41	41
262/study/sax_51/IM-9452-0001.dcm	118.5	55.5	39	39
263/study/sax_8/IM-8447-0001.dcm	100	76	30	30
263/study/sax_9/IM-8448-0001.dcm	97.5	75.5	31	31
264/study/sax_13/IM-1291-0001.dcm	172	129	78	78
264/study/sax_14/IM-1292-0001.dcm	173	134	66	66
265/study/sax_22/IM-3667-0001.dcm	149	122	80	80
265/study/sax_23/IM-3668-0001.dcm	147.5	120.5	77	77
266/study/sax_10/IM-8243-0001.dcm	92.5	64.5	37	37
266/study/sax_9/IM-8242-0001.dcm	94	65	38	38
267/study/sax_10/IM-7505-0001.dcm	101.5	50.5	31	31
267/study/sax_11/IM-7506-0001.dcm	101	50	30	30
267/study/sax_9/IM-7504-0001.dcm	100.5	47.5	33	33
268/study/sax_10/IM-5756-0001.dcm	106	70	38	38
268/study/sax_8/IM-5754-0001.dcm	103	70	38	38
268/study/sax_9/IM-5755-0001.dcm	103	71	40	40
269/study/sax_11/IM-11623-0001.dcm	127	43	52	52
269/study/sax_12/IM-11624-0001.dcm	129	45	50	50
26/study/sax_154/IM-3834-0001.dcm	180.5	104.5	71	71
26/study/sax_155/IM-3835-0001.dcm	185.5	100.5	65	65
270/study/sax_12/IM-14129-0001.dcm	118.5	81.5	35	35
270/study/sax_13/IM-14130-0001.dcm	106.5	79.5	39	39
270/study/sax_14/IM-14131-0001.dcm	107.5	78.5	35	35
271/study/sax_38/IM-13837-0001.dcm	107	72	26	26
271/study/sax_39/IM-13838-0001.dcm	108.5	66.5	29	29
272/study/sax_15/IM-1008-0001.dcm	129.5	92.5	55	55
272/study/sax_16/IM-1009-0001.dcm	124	97	52	52
272/study/sax_17/IM-1010-0001.dcm	129.5	99.5	45	45
273/study/sax_10/IM-10359-0001.dcm	106	72	30	30
273/study/sax_9/IM-10358-0001.dcm	108	70	32	32
274/study/sax_60/IM-3988-0001.dcm	94.5	44.5	47	47
274/study/sax_61/IM-3989-0001.dcm	101.5	47.5	43	43
275/study/sax_10/IM-4842-0001.dcm	91.5	64.5	31	31
275/study/sax_8/IM-4840-0001.dcm	94	65	34	34
275/study/sax_9/IM-4841-0001.dcm	91	61	34	34
276/study/sax_10/IM-12629-0001.dcm	73	57	48	48
276/study/sax_11/IM-12630-0001.dcm	72	57	46	46
277/study/sax_10/IM-5266-0001.dcm	102.5	86.5	35	35
277/study/sax_11/IM-5267-0001.dcm	106.5	84.5	33	33
277/study/sax_12/IM-5268-0001.dcm	106.5	83.5	29	29
278/study/sax_13/IM-2716-0001.dcm	198	152	58	58
278/study/sax_14/IM-2717-0001.dcm	197.5	151.5	59	59
279/study/sax_13/IM-2249-0001-0001.dcm	80	113	62	62
279/study/sax_14/IM-2250-0001-0001.dcm	77.5	116.5	61	61
27/study/sax_10/IM-12469-0001.dcm	85.5	62.5	35	35
27/study/sax_9/IM-12468-0001.dcm	84.5	61.5	37	37
280/study/sax_21/IM-5119-0001.dcm	113.5	52.5	33	33
280/study/sax_22/IM-5120-0001.dcm	115.5	53.5	31	31
280/study/sax_23/IM-5121-0001.dcm	114.5	51.5	31	31
281/study/sax_16/IM-0476-0001.dcm	180	92	42	42
281/study/sax_17/IM-0477-0001.dcm	179.5	92.5	43	43
282/study/sax_12/IM-13037-0001.dcm	104.5	81.5	31	31
282/study/sax_13/IM-13038-0001.dcm	95.5	80.5	33	33
283/study/sax_7/IM-11691-0001.dcm	106.5	77.5	33	33
283/study/sax_8/IM-11692-0001.dcm	108.5	78.5	31	31
283/study/sax_9/IM-11693-0001.dcm	110	79	30	30
284/study/sax_10/IM-2301-0001.dcm	165.5	107.5	69	69
284/study/sax_11/IM-2302-0001.dcm	169.5	105.5	67	67
285/study/sax_11/IM-3787-0001.dcm	136	94	54	54
285/study/sax_12/IM-3788-0001.dcm	132.5	94.5	53	53
286/study/sax_42/IM-8825-0001.dcm	124	84	32	32
286/study/sax_43/IM-8826-0001.dcm	126	83	30	30
287/study/sax_10/IM-5627-0001.dcm	101	83	26	26
287/study/sax_11/IM-5628-0001.dcm	101.5	81.5	29	29
287/study/sax_9/IM-5626-0001.dcm	100	82	28	28
288/study/sax_46/IM-5703-0001.dcm	99.5	53.5	31	31
288/study/sax_47/IM-5704-0001.dcm	99.5	51.5	31	31
289/study/sax_8/IM-8458-0001.dcm	95.5	51.5	31	31
289/study/sax_9/IM-8459-0001.dcm	97	51	28	28
28/study/sax_10/IM-14212-0001.dcm	113.5	71.5	27	27
28/study/sax_8/IM-14210-0001.dcm	108	73	28	28
28/study/sax_9/IM-14211-0001.dcm	112.5	71.5	27	27
290/study/sax_10/IM-12495-0001.dcm	108.5	61.5	37	37
290/study/sax_8/IM-12493-0001.dcm	107	59	38	38
290/study/sax_9/IM-12494-0001.dcm	111.5	57.5	37	37
291/study/sax_50/IM-7555-0001.dcm	99.5	65.5	39	39
291/study/sax_51/IM-7556-0001.dcm	99	63	38	38
292/study/sax_15/IM-0593-0001.dcm	213	142	72	72
292/study/sax_16/IM-0594-0001.dcm	213.5	134.5	73	73
293/study/sax_10/IM-3427-0001.dcm	268	138	78	78
293/study/sax_11/IM-3428-0001.dcm	270	144	74	74
294/study/sax_11/IM-3507-0001.dcm	191	134	74	74
294/study/sax_12/IM-3508-0001.dcm	192	132	74	74
295/study/sax_44/IM-8836-0001.dcm	127	49	38	38
295/study/sax_45/IM-8837-0001.dcm	128	49	36	36
295/study/sax_46/IM-8838-0001.dcm	128.5	47.5	35	35
296/study/sax_12/IM-12753-0001.dcm	108.5	81.5	31	31
296/study/sax_13/IM-12754-0001.dcm	111.5	78.5	33	33
296/study/sax_14/IM-12755-0001.dcm	112.5	78.5	33	33
297/study/sax_17/IM-0063-0001.dcm	150	102	62	62
297/study/sax_18/IM-0064-0001.dcm	156	105	54	54
298/study/sax_10/IM-10075-0001.dcm	117.5	57.5	37	37
298/study/sax_8/IM-10073-0001.dcm	117.5	58.5	37	37
298/study/sax_9/IM-10074-0001.dcm	117.5	59.5	35	35
299/study/sax_10/IM-7718-0001.dcm	91	64	40	40
299/study/sax_11/IM-7719-0001.dcm	93	65	38	38
299/study/sax_9/IM-7717-0001.dcm	91.5	64.5	39	39
29/study/sax_12/IM-3763-0001.dcm	184.5	121.5	51	51
29/study/sax_13/IM-3764-0001.dcm	182	124	50	50
2/study/sax_10/IM-9578-0001.dcm	100.5	104.5	29	29
2/study/sax_9/IM-9577-0001.dcm	95	105	30	30
300/study/sax_10/IM-3641-0001.dcm	208	144	100	100
300/study/sax_11/IM-3642-0001.dcm	208.5	143.5	97	97
301/study/sax_8/IM-9206-0001.dcm	97.5	67.5	35	35
301/study/sax_9/IM-9207-0001.dcm	100.5	62.5	33	33
302/study/sax_40/IM-10716-0001.dcm	109	66	32	32
302/study/sax_41/IM-10717-0001.dcm	108	66	30	30
303/study/sax_23/IM-6455-0001.dcm	98.5	66.5	43	43
303/study/sax_24/IM-6456-0001.dcm	101.5	64.5	41	41
304/study/sax_41/IM-0812-0001.dcm	155.5	121.5	73	73
304/study/sax_42/IM-0813-0001.dcm	150	124	72	72
304/study/sax_43/IM-0814-0001.dcm	155.5	119.5	69	69
305/study/sax_24/IM-8802-0001.dcm	105	79	34	34
305/study/sax_25/IM-8803-0001.dcm	106	79	34	34
306/study/sax_10/IM-12644-0001.dcm	98	72	34	34
306/study/sax_8/IM-12642-0001.dcm	100.5	71.5	35	35
306/study/sax_9/IM-12643-0001.dcm	97.5	74.5	35	35
307/study/sax_22/IM-0337-0001.dcm	112	52	44	44
307/study/sax_23/IM-0338-0001.dcm	112	55	40	40
308/study/sax_10/IM-13001-0001.dcm	99.5	86.5	29	29
308/study/sax_8/IM-12999-0001.dcm	95.5	83.5	35	35
308/study/sax_9/IM-13000-0001.dcm	102	84	32	32
309/study/sax_51/IM-11993-0001.dcm	103.5	48.5	45	45
309/study/sax_52/IM-11994-0001.dcm	102	48	46	46
309/study/sax_53/IM-11995-0001.dcm	105.5	51.5	41	41
30/study/sax_10/IM-8169-0001.dcm	94.5	51.5	35	35
30/study/sax_9/IM-8168-0001.dcm	99.5	51.5	37	37
310/study/sax_10/IM-7421-0001.dcm	102.5	50.5	45	45
310/study/sax_9/IM-7420-0001.dcm	102.5	50.5	47	47
311/study/sax_8/IM-6934-0001.dcm	126	69	42	42
311/study/sax_9/IM-6935-0001.dcm	128	70	40	40
312/study/sax_10/IM-5003-0001.dcm	118.5	61.5	41	41
312/study/sax_11/IM-5004-0001.dcm	116	61	40	40
312/study/sax_12/IM-5005-0001.dcm	113.5	59.5	41	41
313/study/sax_26/IM-0762-0001.dcm	183	102	68	68
313/study/sax_27/IM-0763-0001.dcm	174	104	68	68
314/study/sax_10/IM-10309-0001.dcm	104.5	57.5	37	37
314/study/sax_8/IM-10307-0001.dcm	105	58	40	40
314/study/sax_9/IM-10308-0001.dcm	103.5	56.5	39	39
315/study/sax_10/IM-1868-0001.dcm	197	130	80	80
315/study/sax_11/IM-1869-0001.dcm	214.5	127.5	75	75
316/study/sax_10/IM-10932-0001.dcm	110.5	56.5	39	39
316/study/sax_9/IM-10931-0001.dcm	110.5	57.5	41	41
317/study/sax_7/IM-6181-0001.dcm	105	59	34	34
317/study/sax_8/IM-6182-0001.dcm	106.5	58.5	33	33
317/study/sax_9/IM-6183-0001.dcm	105.5	60.5	31	31
318/study/sax_10/IM-9811-0001.dcm	88.5	60.5	33	33
318/study/sax_8/IM-9809-0001.dcm	87	67	32	32
318/study/sax_9/IM-9810-0001.dcm	89	64	34	34
319/study/sax_53/IM-10655-0001.dcm	108	58	32	32
319/study/sax_54/IM-10656-0001.dcm	108	57	32	32
31/study/sax_21/IM-11174-0001.dcm	106	75	34	34
31/study/sax_22/IM-11175-0001.dcm	111	73	34	34
31/study/sax_23/IM-11176-0001.dcm	119	76	26	26
320/study/sax_46/IM-7656-0001.dcm	109	74	24	24
320/study/sax_47/IM-7657-0001.dcm	112	72	24	24
321/study/sax_15/IM-0646-0001.dcm	120	81	70	70
321/study/sax_16/IM-0647-0001.dcm	114	80	74	74
322/study/sax_13/IM-1855-0001.dcm	184.5	122.5	73	73
322/study/sax_14/IM-1856-0001.dcm	186	122	66	66
323/study/sax_14/IM-1347-0001.dcm	98.5	99.5	65	65
323/study/sax_15/IM-1348-0001.dcm	98.5	101.5	65	65
324/study/sax_26/IM-12704-0001.dcm	109	81	30	30
324/study/sax_27/IM-12705-0001.dcm	107.5	81.5	31	31
324/study/sax_28/IM-12706-0001.dcm	110	84	28	28
325/study/sax_10/IM-9537-0001.dcm	94	70	34	34
325/study/sax_9/IM-9536-0001.dcm	92	76	30	30
326/study/sax_10/IM-7289-0001.dcm	101	60	40	40
326/study/sax_9/IM-7288-0001.dcm	100	60	40	40
327/study/sax_8/IM-14140-0001.dcm	100.5	69.5	31	31
327/study/sax_9/IM-14141-0001.dcm	102	68	32	32
328/study/sax_59/IM-7338-0001.dcm	105	60	32	32
328/study/sax_60/IM-7339-0001.dcm	103.5	58.5	33	33
329/study/sax_40/IM-9132-0001.dcm	120	54	40	40
329/study/sax_41/IM-9133-0001.dcm	111.5	55.5	39	39
32/study/sax_15/IM-3466-0001.dcm	193.5	191.5	59	59
32/study/sax_16/IM-3467-0001.dcm	189.5	175.5	55	55
330/study/sax_10/IM-3274-0001.dcm	199	114	66	66
330/study/sax_9/IM-3273-0001.dcm	202.5	112.5	71	71
331/study/sax_10/IM-8618-0001.dcm	106	58	36	36
331/study/sax_8/IM-8616-0001.dcm	102.5	60.5	37	37
331/study/sax_9/IM-8617-0001.dcm	103.5	59.5	37	37
332/study/sax_37/IM-8071-0001.dcm	123	58	38	38
332/study/sax_38/IM-8072-0001.dcm	127.5	57.5	35	35
332/study/sax_39/IM-8073-0001.dcm	127	56	32	32
333/study/sax_49/IM-14300-0001.dcm	111	57	28	28
333/study/sax_50/IM-14301-0001.dcm	112.5	56.5	27	27
333/study/sax_51/IM-14302-0001.dcm	110.5	56.5	29	29
334/study/sax_14/IM-2353-0001.dcm	195.5	162.5	57	57
334/study/sax_15/IM-2354-0001.dcm	200.5	164.5	55	55
334/study/sax_16/IM-2355-0001.dcm	204	167	50	50
335/study/sax_10/IM-5579-0001.dcm	96.5	78.5	41	41
335/study/sax_9/IM-5578-0001.dcm	96.5	77.5	43	43
336/study/sax_20/IM-3237-0001.dcm	184.5	118.5	63	63
336/study/sax_21/IM-3238-0001.dcm	183	122	58	58
337/study/sax_13/IM-7056-0001.dcm	107.5	93.5	37	37
337/study/sax_14/IM-7057-0001.dcm	109.5	105.5	35	35
337/study/sax_15/IM-7058-0001.dcm	105	108	34	34
338/study/sax_49/IM-7030-0001.dcm	107.5	64.5	37	37
338/study/sax_50/IM-7031-0001.dcm	106.5	64.5	37	37
339/study/sax_69/IM-4102-0001.dcm	91	56	44	44
339/study/sax_70/IM-4103-0001.dcm	91.5	52.5	43	43
339/study/sax_71/IM-4104-0001.dcm	89.5	51.5	41	41
33/study/sax_10/IM-13450-0001.dcm	93	67	30	30
33/study/sax_8/IM-13448-0001.dcm	94.5	69.5	33	33
33/study/sax_9/IM-13449-0001.dcm	90.5	68.5	33	33
340/study/sax_10/IM-7942-0001.dcm	99	69	20	20
340/study/sax_8/IM-7940-0001.dcm	96	75	22	22
340/study/sax_9/IM-7941-0001.dcm	97	73	22	22
341/study/sax_19/IM-0175-0001.dcm	195	116	62	62
341/study/sax_27/IM-0182-0001.dcm	179	113	80	80
342/study/sax_8/IM-9475-0001.dcm	111.5	69.5	35	35
342/study/sax_9/IM-9476-0001.dcm	111.5	72.5	33	33
343/study/sax_10/IM-5908-0001.dcm	124.5	65.5	35	35
343/study/sax_9/IM-5907-0001.dcm	123.5	66.5	35	35
344/study/sax_10/IM-3353-0001.dcm	206	130	64	64
344/study/sax_9/IM-3352-0001.dcm	202.5	131.5	65	65
345/study/sax_8/IM-5919-0001.dcm	100.5	69.5	29	29
345/study/sax_9/IM-5920-0001.dcm	100	68	30	30
346/study/sax_31/IM-12616-0001.dcm	109	87	32	32
346/study/sax_32/IM-12617-0001.dcm	108.5	84.5	35	35
347/study/sax_45/IM-7236-0001.dcm	91	44	38	38
347/study/sax_46/IM-7237-0001.dcm	93.5	47.5	35	35
348/study/sax_10/IM-10645-0001.dcm	95	55	34	34
348/study/sax_8/IM-10643-0001.dcm	96.5	61.5	31	31
348/study/sax_9/IM-10644-0001.dcm	95.5	58.5	33	33
349/study/sax_10/IM-11416-0001.dcm	111	50	38	38
349/study/sax_8/IM-11414-0001.dcm	110	51	36	36
349/study/sax_9/IM-11415-0001.dcm	111.5	50.5	37	37
34/study/sax_49/IM-13937-0001.dcm	87.5	51.5	39	39
34/study/sax_50/IM-13938-0001.dcm	90.5	49.5	39	39
34/study/sax_51/IM-13939-0001.dcm	90.5	48.5	37	37
350/study/sax_10/IM-6065-0001.dcm	95.5	54.5	33	33
350/study/sax_8/IM-6063-0001.dcm	94	58	36	36
350/study/sax_9/IM-6064-0001.dcm	96	56	36	36
351/study/sax_10/IM-12422-0001.dcm	102	77	30	30
351/study/sax_8/IM-12420-0001.dcm	102	81	30	30
351/study/sax_9/IM-12421-0001.dcm	106	79	32	32
352/study/sax_10/IM-7043-0001.dcm	107	57	40	40
352/study/sax_9/IM-7042-0001.dcm	104	59	38	38
353/study/sax_16/IM-12505-0001.dcm	99	68	34	34
353/study/sax_17/IM-12506-0001.dcm	100	68	34	34
353/study/sax_18/IM-12507-0001.dcm	99	68	34	34
354/study/sax_40/IM-8009-0001.dcm	106	69	32	32
354/study/sax_41/IM-8010-0001.dcm	101.5	68.5	35	35
354/study/sax_42/IM-8011-0001.dcm	102	67	34	34
355/study/sax_10/IM-4127-0001.dcm	92	68	30	30
355/study/sax_8/IM-4125-0001.dcm	90.5	68.5	35	35
355/study/sax_9/IM-4126-0001.dcm	93.5	69.5	31	31
356/study/sax_16/IM-4829-0001.dcm	102	115	36	36
356/study/sax_17/IM-4830-0001.dcm	99	112	38	38
357/study/sax_14/IM-0993-0001.dcm	145	140	80	80
357/study/sax_15/IM-0994-0001.dcm	144	136	78	78
358/study/sax_10/IM-4235-0001.dcm	111	81	32	32
358/study/sax_8/IM-4233-0001.dcm	111	79	36	36
358/study/sax_9/IM-4234-0001.dcm	109.5	78.5	35	35
359/study/sax_10/IM-5932-0001.dcm	105	66	32	32
359/study/sax_8/IM-5930-0001.dcm	104.5	66.5	37	37
359/study/sax_9/IM-5931-0001.dcm	105	67	34	34
35/study/sax_10/IM-4889-0001.dcm	116	85	32	32
35/study/sax_8/IM-4887-0001.dcm	116	90	30	30
35/study/sax_9/IM-4888-0001.dcm	110	86	32	32
360/study/sax_8/IM-14337-0001.dcm	92	56	42	42
360/study/sax_9/IM-14338-0001.dcm	89.5	54.5	45	45
361/study/sax_10/IM-12196-0001.dcm	108	51	30	30
361/study/sax_8/IM-12194-0001.dcm	108	50	34	34
361/study/sax_9/IM-12195-0001.dcm	111	48	32	32
362/study/sax_15/IM-6972-0001.dcm	105.5	100.5	33	33
362/study/sax_16/IM-6973-0001.dcm	100	99	36	36
363/study/sax_10/IM-6293-0001.dcm	108	53	38	38
363/study/sax_8/IM-6291-0001.dcm	106	57	36	36
363/study/sax_9/IM-6292-0001.dcm	106.5	55.5	39	39
364/study/sax_13/IM-7192-0001.dcm	111.5	75.5	41	41
364/study/sax_14/IM-7193-0001.dcm	113.5	76.5	39	39
364/study/sax_15/IM-7194-0001.dcm	113.5	76.5	37	37
365/study/sax_10/IM-13788-0001.dcm	97.5	63.5	39	39
365/study/sax_9/IM-13787-0001.dcm	97.5	66.5	37	37
366/study/sax_10/IM-10815-0001.dcm	117	75	32	32
366/study/sax_8/IM-10813-0001.dcm	118	73	36	36
366/study/sax_9/IM-10814-0001.dcm	115.5	73.5	33	33
367/study/sax_12/IM-2380-0001.dcm	199	146	74	74
367/study/sax_13/IM-2381-0001.dcm	200.5	143.5	75	75
368/study/sax_41/IM-9564-0001.dcm	105	70	28	28
368/study/sax_42/IM-9565-0001.dcm	102.5	66.5	31	31
369/study/sax_16/IM-0423-0001.dcm	234.5	129.5	81	81
369/study/sax_17/IM-0424-0001.dcm	228	132	76	76
369/study/sax_18/IM-0425-0001.dcm	232.5	131.5	79	79
36/study/sax_13/IM-8314-0001.dcm	91.5	51.5	45	45
36/study/sax_14/IM-8315-0001.dcm	89.5	49.5	43	43
370/study/sax_11/IM-9280-0001.dcm	119.5	81.5	33	33
370/study/sax_12/IM-9281-0001.dcm	115	76	36	36
371/study/sax_17/IM-0022-0001.dcm	156.5	144.5	71	71
371/study/sax_18/IM-0023-0001.dcm	150	143	74	74
372/study/sax_52/IM-6279-0001.dcm	105	55	30	30
372/study/sax_53/IM-6280-0001.dcm	107	55	30	30
372/study/sax_54/IM-6281-0001.dcm	105	55	28	28
373/study/sax_8/IM-5217-0001.dcm	109	76	36	36
373/study/sax_9/IM-5218-0001.dcm	107.5	75.5	35	35
374/study/sax_11/IM-2560-0001.dcm	199.5	118.5	83	83
374/study/sax_12/IM-2561-0001.dcm	203.5	119.5	79	79
374/study/sax_13/IM-2562-0001.dcm	215.5	117.5	75	75
375/study/sax_13/IM-2455-0001.dcm	230	112	88	88
375/study/sax_14/IM-2456-0001.dcm	224	108	90	90
376/study/sax_10/IM-8984-0001.dcm	96	67	32	32
376/study/sax_8/IM-8982-0001.dcm	97	69	34	34
376/study/sax_9/IM-8983-0001.dcm	94	69	34	34
377/study/sax_10/IM-3178-0001.dcm	177.5	122.5	69	69
377/study/sax_11/IM-3179-0001.dcm	179	122	72	72
378/study/sax_29/IM-9666-0001.dcm	109.5	105.5	41	41
378/study/sax_30/IM-9667-0001.dcm	108.5	102.5	41	41
378/study/sax_31/IM-9668-0001.dcm	111.5	104.5	39	39
379/study/sax_10/IM-13064-0001.dcm	95.5	89.5	31	31
379/study/sax_8/IM-13062-0001.dcm	94	84	36	36
379/study/sax_9/IM-13063-0001.dcm	93.5	87.5	33	33
37/study/sax_10/IM-3560-0001.dcm	276.5	147.5	65	65
37/study/sax_11/IM-3561-0001.dcm	276.5	147.5	61	61
37/study/sax_12/IM-3562-0001.dcm	278	147	58	58
380/study/sax_10/IM-7695-0001.dcm	97.5	62.5	35	35
380/study/sax_8/IM-7693-0001.dcm	101.5	65.5	35	35
380/study/sax_9/IM-7694-0001.dcm	96	63	36	36
381/study/sax_11/IM-1403-0001.dcm	190.5	134.5	75	75
381/study/sax_12/IM-1404-0001.dcm	189	133	78	78
382/study/sax_10/IM-4298-0001.dcm	108.5	115.5	29	29
382/study/sax_11/IM-4299-0001.dcm	111	111	32	32
382/study/sax_12/IM-4300-0001.dcm	111.5	112.5	31	31
383/study/sax_40/IM-9974-0001.dcm	126	55	38	38
383/study/sax_41/IM-9975-0001.dcm	125.5	55.5	35	35
384/study/sax_8/IM-10571-0001.dcm	100	82	36	36
384/study/sax_9/IM-10572-0001.dcm	103.5	81.5	35	35
385/study/sax_37/IM-13314-0001.dcm	103	65	34	34
385/study/sax_38/IM-13315-0001.dcm	104	66	34	34
385/study/sax_39/IM-13316-0001.dcm	104.5	65.5	33	33
386/study/sax_10/IM-12208-0001.dcm	86	62	34	34
386/study/sax_9/IM-12207-0001.dcm	91.5	63.5	35	35
387/study/sax_40/IM-10370-0001.dcm	103	64	36	36
387/study/sax_41/IM-10371-0001.dcm	102.5	63.5	37	37
388/study/sax_10/IM-2834-0001.dcm	259	146	64	64
388/study/sax_11/IM-2835-0001.dcm	259	146	62	62
389/study/sax_8/IM-12132-0001.dcm	131	49	30	30
389/study/sax_9/IM-12133-0001.dcm	127.5	54.5	29	29
38/study/sax_41/IM-12888-0001.dcm	108	57	34	34
38/study/sax_42/IM-12889-0001.dcm	105.5	58.5	31	31
390/study/sax_15/IM-0299-0001.dcm	119	90	38	38
390/study/sax_16/IM-0300-0001.dcm	120	93	38	38
391/study/sax_8/IM-5206-0001.dcm	124.5	58.5	37	37
391/study/sax_9/IM-5207-0001.dcm	124	59	34	34
392/study/sax_10/IM-5741-0001.dcm	85.5	88.5	41	41
392/study/sax_11/IM-5742-0001.dcm	87	87	44	44
392/study/sax_12/IM-5743-0001.dcm	88	87	42	42
393/study/sax_12/IM-13327-0001.dcm	98	70	38	38
393/study/sax_13/IM-13328-0001.dcm	92.5	76.5	35	35
394/study/sax_25/IM-2588-0001.dcm	203	157	76	76
394/study/sax_26/IM-2589-0001.dcm	205	158	74	74
395/study/sax_52/IM-12776-0001.dcm	107	66	36	36
395/study/sax_53/IM-12777-0001.dcm	105	64	34	34
395/study/sax_54/IM-12778-0001.dcm	105	65	34	34
396/study/sax_49/IM-6860-0001.dcm	111	58	34	34
396/study/sax_50/IM-6861-0001.dcm	114.5	54.5	31	31
397/study/sax_10/IM-9107-0001.dcm	86	67	36	36
397/study/sax_9/IM-9106-0001.dcm	89	71	38	38
398/study/sax_13/IM-1981-0001.dcm	180.5	110.5	71	71
398/study/sax_14/IM-1982-0001.dcm	192	113	72	72
399/study/sax_8/IM-9403-0001.dcm	129	69	32	32
399/study/sax_9/IM-9404-0001.dcm	133.5	69.5	27	27
39/study/sax_15/IM-0208-0001.dcm	89	80	58	58
39/study/sax_16/IM-0209-0001.dcm	92	82	52	52
3/study/sax_46/IM-4013-0001.dcm	110.5	59.5	31	31
3/study/sax_47/IM-4014-0001.dcm	113	64	28	28
400/study/sax_18/IM-0579-0001.dcm	182	87	68	68
400/study/sax_19/IM-0580-0001.dcm	188.5	90.5	65	65
400/study/sax_20/IM-0581-0001.dcm	192	92	62	62
401/study/sax_14/IM-7890-0001.dcm	108	78	36	36
401/study/sax_15/IM-7891-0001.dcm	106	79	34	34
401/study/sax_16/IM-7892-0001.dcm	109	78	32	32
402/study/sax_13/IM-1580-0001.dcm	276	117	74	74
402/study/sax_14/IM-1581-0001.dcm	274	115	74	74
403/study/sax_10/IM-11682-0001.dcm	99.5	59.5	33	33
403/study/sax_8/IM-11680-0001.dcm	98.5	62.5	33	33
403/study/sax_9/IM-11681-0001.dcm	97	59	34	34
404/study/sax_10/IM-9711-0001.dcm	122	92	38	38
404/study/sax_11/IM-9712-0001.dcm	123.5	92.5	39	39
404/study/sax_12/IM-9713-0001.dcm	121	88	38	38
405/study/sax_12/IM-1619-0001.dcm	196	146	72	72
405/study/sax_13/IM-1620-0001.dcm	204	148	70	70
406/study/sax_10/IM-6305-0001.dcm	117.5	63.5	27	27
406/study/sax_8/IM-6303-0001.dcm	120	62	34	34
406/study/sax_9/IM-6304-0001.dcm	118.5	60.5	33	33
407/study/sax_11/IM-10969-0001.dcm	110	79	36	36
407/study/sax_12/IM-10970-0001.dcm	108.5	76.5	37	37
408/study/sax_57/IM-5522-0001.dcm	123.5	47.5	39	39
408/study/sax_58/IM-5523-0001.dcm	125.5	48.5	35	35
409/study/sax_12/IM-12029-0001.dcm	114.5	51.5	27	27
409/study/sax_13/IM-12030-0001.dcm	114	50	26	26
40/study/sax_10/IM-10802-0001.dcm	123.5	61.5	43	43
40/study/sax_9/IM-10801-0001.dcm	123	65	44	44
410/study/sax_46/IM-8592-0001.dcm	107	55	30	30
410/study/sax_47/IM-8593-0001.dcm	107.5	55.5	31	31
411/study/sax_8/IM-10199-0001.dcm	112.5	68.5	37	37
411/study/sax_9/IM-10200-0001.dcm	115.5	69.5	35	35
412/study/sax_13/IM-1695-0001.dcm	172.5	112.5	97	97
412/study/sax_14/IM-1696-0001.dcm	177.5	114.5	85	85
413/study/sax_15/IM-2726-0001.dcm	198	95	52	52
413/study/sax_16/IM-2727-0001.dcm	190.5	88.5	65	65
414/study/sax_74/IM-8764-0001.dcm	116	68	28	28
414/study/sax_75/IM-8765-0001.dcm	116	68	30	30
415/study/sax_12/IM-1745-0001.dcm	128.5	78.5	33	33
415/study/sax_13/IM-1746-0001.dcm	127.5	81.5	33	33
416/study/sax_11/IM-5252-0001.dcm	94	87	26	26
416/study/sax_12/IM-5253-0001.dcm	93	89	26	26
416/study/sax_13/IM-5254-0001.dcm	97.5	86.5	25	25
417/study/sax_15/IM-0892-0001.dcm	207.5	145.5	75	75
417/study/sax_16/IM-0893-0001.dcm	216.5	153.5	63	63
418/study/sax_44/IM-7682-0001.dcm	114	62	32	32
418/study/sax_45/IM-7683-0001.dcm	113	63	28	28
419/study/sax_14/IM-1160-0001.dcm	169.5	151.5	61	61
419/study/sax_15/IM-1161-0001.dcm	170.5	147.5	61	61
41/study/sax_39/IM-8957-0001.dcm	115	98	34	34
41/study/sax_40/IM-8958-0001.dcm	112.5	95.5	39	39
41/study/sax_41/IM-8959-0001.dcm	115.5	95.5	37	37
420/study/sax_10/IM-12569-0001.dcm	104	61	32	32
420/study/sax_8/IM-12567-0001.dcm	102.5	66.5	33	33
420/study/sax_9/IM-12568-0001.dcm	100.5	63.5	35	35
421/study/sax_10/IM-12325-0001.dcm	103.5	61.5	43	43
421/study/sax_11/IM-12326-0001.dcm	106	64	40	40
421/study/sax_9/IM-12324-0001.dcm	109.5	65.5	43	43
422/study/sax_10/IM-7008-0001.dcm	102	70	32	32
422/study/sax_8/IM-7006-0001.dcm	101	68	36	36
422/study/sax_9/IM-7007-0001.dcm	101.5	66.5	33	33
423/study/sax_10/IM-13523-0001.dcm	95	81	40	40
423/study/sax_9/IM-13522-0001.dcm	96.5	84.5	37	37
424/study/sax_51/IM-7815-0001.dcm	124.5	47.5	35	35
424/study/sax_52/IM-7816-0001.dcm	125.5	48.5	35	35
425/study/sax_15/IM-0220-0001.dcm	254	182	76	76
425/study/sax_16/IM-0221-0001.dcm	249	186	76	76
425/study/sax_17/IM-0222-0001.dcm	253.5	185.5	71	71
426/study/sax_8/IM-4259-0001.dcm	102.5	64.5	39	39
426/study/sax_9/IM-4260-0001.dcm	103.5	65.5	35	35
427/study/sax_14/IM-1995-0001.dcm	126.5	99.5	81	81
427/study/sax_15/IM-1996-0001.dcm	127.5	104.5	77	77
428/study/sax_10/IM-6003-0001.dcm	132.5	79.5	35	35
428/study/sax_8/IM-6001-0001.dcm	130.5	80.5	37	37
428/study/sax_9/IM-6002-0001.dcm	133	79	34	34
429/study/sax_12/IM-1134-0001.dcm	269.5	192.5	95	95
429/study/sax_13/IM-1135-0001.dcm	267.5	197.5	103	103
42/study/sax_10/IM-10666-0001.dcm	101	75	42	42
42/study/sax_11/IM-10667-0001.dcm	99.5	72.5	41	41
42/study/sax_9/IM-10665-0001.dcm	102	75	40	40
430/study/sax_10/IM-8362-0001.dcm	98	75	30	30
430/study/sax_9/IM-8361-0001.dcm	97	74	32	32
431/study/sax_10/IM-14000-0001.dcm	107	70	48	48
431/study/sax_11/IM-14001-0001.dcm	110	71	50	50
431/study/sax_12/IM-14002-0001.dcm	109.5	70.5	49	49
432/study/sax_62/IM-9856-0001.dcm	94.5	58.5	33	33
432/study/sax_63/IM-9857-0001.dcm	91.5	56.5	33	33
432/study/sax_64/IM-9858-0001.dcm	93.5	55.5	33	33
433/study/sax_10/IM-11247-0001.dcm	120.5	64.5	31	31
433/study/sax_9/IM-11246-0001.dcm	118	63	34	34
434/study/sax_15/IM-4791-0001.dcm	103	80	36	36
434/study/sax_16/IM-4792-0001.dcm	103.5	80.5	33	33
435/study/sax_7/IM-4680-0001.dcm	108	86	30	30
435/study/sax_8/IM-4681-0001.dcm	104	85	32	32
435/study/sax_9/IM-4682-0001.dcm	103.5	85.5	33	33
436/study/sax_13/IM-12547-0001.dcm	105.5	104.5	33	33
436/study/sax_34/IM-12556-0001.dcm	119	103	36	36
437/study/sax_11/IM-11833-0001.dcm	96	62	40	40
437/study/sax_17/IM-11839-0001.dcm	106	52	40	40
438/study/sax_10/IM-5616-0001.dcm	86.5	54.5	33	33
438/study/sax_8/IM-5614-0001.dcm	93.5	60.5	33	33
438/study/sax_9/IM-5615-0001.dcm	88	58	32	32
439/study/sax_10/IM-14315-0001.dcm	100.5	67.5	35	35
439/study/sax_8/IM-14313-0001.dcm	100.5	64.5	37	37
439/study/sax_9/IM-14314-0001.dcm	99	65	36	36
43/study/sax_57/IM-8641-0001.dcm	114	49	38	38
43/study/sax_58/IM-8642-0001.dcm	107.5	45.5	41	41
43/study/sax_59/IM-8643-0001.dcm	114.5	45.5	37	37
440/study/sax_10/IM-12902-0001.dcm	91.5	51.5	37	37
440/study/sax_8/IM-12900-0001.dcm	88.5	48.5	41	41
440/study/sax_9/IM-12901-0001.dcm	88	51	38	38
441/study/sax_10/IM-3453-0001.dcm	195.5	120.5	77	77
441/study/sax_11/IM-3454-0001.dcm	194	118	82	82
442/study/sax_17/IM-12680-0001.dcm	103.5	79.5	37	37
442/study/sax_18/IM-12681-0001.dcm	108.5	74.5	37	37
442/study/sax_19/IM-12682-0001.dcm	108.5	70.5	33	33
443/study/sax_10/IM-5488-0001.dcm	112	62	36	36
443/study/sax_8/IM-5486-0001.dcm	109.5	60.5	35	35
443/study/sax_9/IM-5487-0001.dcm	109	61	36	36
444/study/sax_16/IM-0906-0001.dcm	232	99	92	92
444/study/sax_17/IM-0907-0001.dcm	238	103	84	84
445/study/sax_49/IM-14047-0001.dcm	109	61	30	30
445/study/sax_50/IM-14048-0001.dcm	108.5	61.5	31	31
446/study/sax_14/IM-3311-0001.dcm	217.5	144.5	75	75
446/study/sax_15/IM-3312-0001.dcm	218	145	70	70
447/study/sax_13/IM-12827-0001.dcm	109	72	40	40
447/study/sax_14/IM-12828-0001.dcm	109.5	71.5	41	41
448/study/sax_10/IM-1734-0001.dcm	218.5	148.5	71	71
448/study/sax_11/IM-1735-0001.dcm	217.5	149.5	73	73
448/study/sax_9/IM-1733-0001.dcm	213.5	142.5	79	79
449/study/sax_10/IM-2481-0001.dcm	231	138	76	76
449/study/sax_11/IM-2482-0001.dcm	234	142	70	70
44/study/sax_10/IM-2340-0001.dcm	248.5	102.5	81	81
44/study/sax_11/IM-2341-0001.dcm	253.5	104.5	77	77
450/study/sax_10/IM-6672-0001.dcm	102	52	38	38
450/study/sax_11/IM-6673-0001.dcm	104.5	53.5	37	37
450/study/sax_9/IM-6671-0001.dcm	100.5	54.5	39	39
451/study/sax_10/IM-5306-0001.dcm	92	64	38	38
451/study/sax_9/IM-5305-0001.dcm	93	64	36	36
452/study/sax_45/IM-13824-0001.dcm	110.5	67.5	23	23
452/study/sax_46/IM-13825-0001.dcm	114.5	69.5	19	19
453/study/sax_10/IM-6659-0001.dcm	118	67	30	30
453/study/sax_9/IM-6658-0001.dcm	122.5	65.5	27	27
454/study/sax_50/IM-7167-0001.dcm	98	69	32	32
454/study/sax_51/IM-7168-0001.dcm	97.5	67.5	33	33
454/study/sax_52/IM-7169-0001.dcm	100.5	66.5	35	35
455/study/sax_10/IM-6723-0001.dcm	116.5	57.5	33	33
455/study/sax_11/IM-6724-0001.dcm	116	52	34	34
455/study/sax_9/IM-6722-0001.dcm	119.5	59.5	31	31
456/study/sax_45/IM-1276-0001.dcm	102	82	56	56
456/study/sax_46/IM-1277-0001.dcm	105.5	82.5	53	53
456/study/sax_47/IM-1278-0001.dcm	111.5	86.5	45	45
457/study/sax_33/IM-13206-0001.dcm	112	63	36	36
457/study/sax_34/IM-13207-0001.dcm	111	68	34	34
458/study/sax_10/IM-7793-0001.dcm	92.5	72.5	35	35
458/study/sax_8/IM-7791-0001.dcm	97.5	75.5	37	37
458/study/sax_9/IM-7792-0001.dcm	93.5	74.5	37	37
459/study/sax_10/IM-3364-0001.dcm	203	117	84	84
459/study/sax_11/IM-3365-0001.dcm	204	120	78	78
459/study/sax_12/IM-3366-0001.dcm	210	121	74	74
45/study/sax_59/IM-6573-0001.dcm	89	70	36	36
45/study/sax_60/IM-6574-0001.dcm	89.5	67.5	35	35
45/study/sax_61/IM-6575-0001.dcm	90	63	34	34
460/study/sax_10/IM-2623-0001.dcm	234.5	147.5	65	65
460/study/sax_9/IM-2622-0001.dcm	234	139	64	64
461/study/sax_12/IM-9833-0001.dcm	112	116	32	32
461/study/sax_13/IM-9834-0001.dcm	107	118	32	32
462/study/sax_21/IM-0606-0001.dcm	251	216	62	62
462/study/sax_22/IM-0607-0001.dcm	252.5	211.5	63	63
462/study/sax_23/IM-0608-0001.dcm	253.5	212.5	59	59
463/study/sax_10/IM-2777-0001-0001.dcm	213.5	128.5	67	67
463/study/sax_11/IM-2778-0001-0001.dcm	211	122	70	70
463/study/sax_12/IM-2779-0001-0001.dcm	216	122	66	66
464/study/sax_10/IM-13153-0001.dcm	100.5	56.5	33	33
464/study/sax_9/IM-13152-0001.dcm	93.5	53.5	33	33
465/study/sax_20/IM-0879-0001.dcm	101.5	90.5	55	55
465/study/sax_21/IM-0880-0001.dcm	105.5	90.5	49	49
466/study/sax_40/IM-4717-0001.dcm	106.5	84.5	39	39
466/study/sax_41/IM-4718-0001.dcm	102	82	40	40
466/study/sax_42/IM-4719-0001.dcm	103	82	38	38
467/study/sax_10/IM-6783-0001.dcm	107.5	46.5	35	35
467/study/sax_11/IM-6784-0001.dcm	109	46	36	36
467/study/sax_9/IM-6782-0001.dcm	111	50	34	34
468/study/sax_10/IM-7544-0001.dcm	115	75	28	28
468/study/sax_8/IM-7542-0001.dcm	110.5	77.5	31	31
468/study/sax_9/IM-7543-0001.dcm	113	74	34	34
469/study/sax_16/IM-10464-0001.dcm	98.5	61.5	45	45
469/study/sax_17/IM-10465-0001.dcm	99.5	63.5	41	41
46/study/sax_10/IM-11866-0001.dcm	129.5	71.5	33	33
46/study/sax_8/IM-11864-0001.dcm	127	67	38	38
46/study/sax_9/IM-11865-0001.dcm	129	70	36	36
470/study/sax_16/IM-9880-0001.dcm	102	72	32	32
470/study/sax_17/IM-9881-0001.dcm	101.5	65.5	33	33
470/study/sax_18/IM-9882-0001.dcm	99	65	32	32
471/study/sax_14/IM-1907-0001.dcm	197	133	66	66
471/study/sax_15/IM-1908-0001.dcm	195	140	64	64
472/study/sax_59/IM-6549-0001.dcm	132.5	89.5	23	23
472/study/sax_60/IM-6550-0001.dcm	126	92	24	24
472/study/sax_61/IM-6551-0001.dcm	129	87	22	22
473/study/sax_13/IM-1360-0001.dcm	251.5	126.5	73	73
473/study/sax_14/IM-1361-0001.dcm	252.5	131.5	65	65
474/study/sax_10/IM-11452-0001.dcm	101	72	36	36
474/study/sax_9/IM-11451-0001.dcm	104	74	36	36
475/study/sax_8/IM-5239-0001.dcm	111.5	81.5	31	31
475/study/sax_9/IM-5240-0001.dcm	121.5	76.5	33	33
476/study/sax_10/IM-1656-0001.dcm	106	96	40	40
476/study/sax_11/IM-1657-0001.dcm	102.5	95.5	39	39
477/study/sax_97/IM-0262-0001.dcm	182	94	72	72
477/study/sax_98/IM-0263-0001.dcm	180.5	97.5	65	65
478/study/sax_51/IM-4939-0001.dcm	136.5	47.5	39	39
478/study/sax_52/IM-4940-0001.dcm	130	50	40	40
478/study/sax_53/IM-4941-0001.dcm	131	49	40	40
479/study/sax_44/IM-9940-0001.dcm	115	60	32	32
479/study/sax_45/IM-9941-0001.dcm	107.5	59.5	31	31
47/study/sax_10/IM-3072-0001.dcm	242	118	64	64
47/study/sax_11/IM-3073-0001.dcm	243.5	116.5	61	61
480/study/sax_45/IM-6217-0001.dcm	121	72	24	24
480/study/sax_46/IM-6218-0001.dcm	119.5	71.5	25	25
481/study/sax_10/IM-10957-0001.dcm	97	66	36	36
481/study/sax_8/IM-10955-0001.dcm	99	70	36	36
481/study/sax_9/IM-10956-0001.dcm	104.5	70.5	37	37
482/study/sax_10/IM-7302-0001.dcm	99	78	32	32
482/study/sax_8/IM-7300-0001.dcm	96.5	77.5	35	35
482/study/sax_9/IM-7301-0001.dcm	100	77	32	32
483/study/sax_14/IM-12668-0001.dcm	123	45	40	40
483/study/sax_15/IM-12669-0001.dcm	122	46	42	42
484/study/sax_15/IM-12532-0001.dcm	101	79	34	34
484/study/sax_16/IM-12533-0001.dcm	101	78	34	34
485/study/sax_11/IM-2118-0001.dcm	200	142	74	74
485/study/sax_12/IM-2119-0001.dcm	200	142	74	74
486/study/sax_15/IM-0678-0001.dcm	161	125	70	70
486/study/sax_16/IM-0679-0001.dcm	158	128	68	68
486/study/sax_17/IM-0680-0001.dcm	163	134	60	60
487/study/sax_12/IM-12095-0001.dcm	105.5	71.5	27	27
487/study/sax_13/IM-12096-0001.dcm	107	71	26	26
487/study/sax_14/IM-12097-0001.dcm	108	73	20	20
488/study/sax_10/IM-10394-0001.dcm	94	57	38	38
488/study/sax_11/IM-10395-0001.dcm	93.5	58.5	37	37
488/study/sax_12/IM-10396-0001.dcm	94	58	38	38
489/study/sax_53/IM-4160-0001.dcm	106.5	69.5	31	31
489/study/sax_54/IM-4161-0001.dcm	106.5	69.5	29	29
48/study/sax_8/IM-6612-0001.dcm	93	67	34	34
48/study/sax_9/IM-6613-0001.dcm	96.5	67.5	33	33
490/study/sax_44/IM-10210-0001.dcm	110	64	28	28
490/study/sax_45/IM-10211-0001.dcm	109	64	28	28
490/study/sax_46/IM-10212-0001.dcm	111.5	64.5	25	25
491/study/sax_49/IM-8775-0001.dcm	108	53	38	38
491/study/sax_50/IM-8776-0001.dcm	107	55	38	38
491/study/sax_51/IM-8777-0001.dcm	105.5	53.5	33	33
492/study/sax_17/IM-8893-0001.dcm	109.5	93.5	37	37
492/study/sax_18/IM-8894-0001.dcm	111	95	38	38
493/study/sax_11/IM-1784-0001.dcm	315	149	100	100
493/study/sax_12/IM-1785-0001.dcm	313	151	96	96
494/study/sax_10/IM-12183-0001.dcm	110.5	70.5	41	41
494/study/sax_11/IM-12184-0001.dcm	108	71	40	40
494/study/sax_12/IM-12185-0001.dcm	110	69	40	40
495/study/sax_10/IM-14349-0001.dcm	102	68	30	30
495/study/sax_9/IM-14348-0001.dcm	104.5	72.5	29	29
496/study/sax_8/IM-4449-0001.dcm	102.5	63.5	31	31
496/study/sax_9/IM-4450-0001.dcm	103	62	30	30
497/study/sax_10/IM-13126-0001.dcm	107	58	38	38
497/study/sax_9/IM-13125-0001.dcm	110	59	38	38
498/study/sax_50/IM-12974-0001.dcm	99.5	54.5	35	35
498/study/sax_51/IM-12975-0001.dcm	99.5	54.5	35	35
498/study/sax_52/IM-12976-0001.dcm	101	54	34	34
499/study/sax_5/IM-3107-0001-0005.dcm	175	131	70	70
499/study/sax_6/IM-3107-0001-0006.dcm	175	131	70	70
49/study/sax_10/IM-6823-0001.dcm	113.5	49.5	33	33
49/study/sax_11/IM-6824-0001.dcm	109	52	32	32
4/study/sax_10/IM-13717-0001.dcm	88.5	56.5	35	35
4/study/sax_8/IM-13715-0001.dcm	91	55	36	36
4/study/sax_9/IM-13716-0001.dcm	88.5	56.5	37	37
500/study/sax_19/IM-9927-0001.dcm	104.5	57.5	31	31
500/study/sax_20/IM-9928-0001.dcm	102.5	56.5	31	31
500/study/sax_21/IM-9929-0001.dcm	102	55	32	32
50/study/sax_16/IM-1514-0001.dcm	192	136	106	106
50/study/sax_17/IM-1515-0001.dcm	191	146	98	98
51/study/sax_11/IM-3533-0001.dcm	215.5	121.5	87	87
51/study/sax_12/IM-3534-0001.dcm	210	125	86	86
51/study/sax_13/IM-3535-0001.dcm	218	132	80	80
52/study/sax_16/IM-0132-0001.dcm	235.5	90.5	73	73
52/study/sax_17/IM-0133-0001.dcm	238	92	68	68
53/study/sax_12/IM-11235-0001.dcm	108	81	32	32
53/study/sax_13/IM-11236-0001.dcm	109.5	78.5	33	33
54/study/sax_14/IM-0979-0001.dcm	173	102	60	60
54/study/sax_15/IM-0980-0001.dcm	174	103	60	60
55/study/sax_10/IM-7732-0001.dcm	95	62	30	30
55/study/sax_9/IM-7731-0001.dcm	93	60	34	34
56/study/sax_10/IM-10408-0001.dcm	103	57	32	32
56/study/sax_8/IM-10406-0001.dcm	104	63	34	34
56/study/sax_9/IM-10407-0001.dcm	106	62	32	32
57/study/sax_10/IM-6761-0001.dcm	96	73	34	34
57/study/sax_9/IM-6760-0001.dcm	95	74	34	34
58/study/sax_41/IM-10247-0001.dcm	100.5	49.5	39	39
58/study/sax_42/IM-10248-0001.dcm	105	47	36	36
59/study/sax_10/IM-7328-0001.dcm	112	60	32	32
59/study/sax_8/IM-7326-0001.dcm	113	61	32	32
59/study/sax_9/IM-7327-0001.dcm	111	60	32	32
5/study/sax_18/IM-13230-0001.dcm	124	55	38	38
5/study/sax_19/IM-13231-0001.dcm	123	50	40	40
60/study/sax_15/IM-11641-0001.dcm	109	69	30	30
61/study/sax_25/IM-3030-0001.dcm	210	127	78	78
61/study/sax_27/IM-3031-0001.dcm	203.5	132.5	75	75
62/study/sax_14/IM-1095-0001.dcm	157	104	62	62
62/study/sax_15/IM-1096-0001.dcm	158.5	102.5	65	65
63/study/sax_16/IM-0933-0001.dcm	180.5	122.5	71	71
63/study/sax_17/IM-0934-0001.dcm	180	123	72	72
64/study/sax_22/IM-2874-0001.dcm	284	178	84	84
64/study/sax_23/IM-2875-0001.dcm	287.5	187.5	79	79
65/study/sax_12/IM-4594-0001.dcm	105	96	32	32
65/study/sax_13/IM-4595-0001.dcm	107.5	94.5	33	33
65/study/sax_14/IM-4596-0001.dcm	104.5	97.5	31	31
66/study/sax_14/IM-0310-0001.dcm	106	69	34	34
66/study/sax_15/IM-0311-0001.dcm	106.5	73.5	33	33
66/study/sax_16/IM-0312-0001.dcm	107	74	32	32
67/study/sax_10/IM-8691-0001.dcm	90.5	55.5	41	41
67/study/sax_9/IM-8690-0001.dcm	91.5	51.5	43	43
68/study/sax_10/IM-4371-0001.dcm	111.5	56.5	39	39
68/study/sax_9/IM-4370-0001.dcm	110.5	56.5	41	41
69/study/sax_12/IM-2367-0001.dcm	196	146	74	74
69/study/sax_13/IM-2368-0001.dcm	201.5	148.5	73	73
6/study/sax_10/IM-9550-0001.dcm	114.5	55.5	45	45
6/study/sax_11/IM-9551-0001.dcm	122	56	42	42
70/study/sax_10/IM-4500-0001.dcm	111	62	26	26
70/study/sax_9/IM-4499-0001.dcm	110	62	20	20
71/study/sax_10/IM-6341-0001.dcm	100.5	63.5	35	35
71/study/sax_9/IM-6340-0001.dcm	101	65	36	36
72/study/sax_10/IM-7583-0001.dcm	81.5	80.5	37	37
72/study/sax_9/IM-7582-0001.dcm	80	82	40	40
73/study/sax_10/IM-6123-0001.dcm	116	69	30	30
73/study/sax_8/IM-6121-0001.dcm	131	74	26	26
73/study/sax_9/IM-6122-0001.dcm	110.5	69.5	31	31
74/study/sax_45/IM-10024-0001.dcm	111.5	52.5	39	39
74/study/sax_46/IM-10025-0001.dcm	106	49	42	42
74/study/sax_47/IM-10026-0001.dcm	108.5	50.5	41	41
75/study/sax_10/IM-4693-0001.dcm	105	47	28	28
75/study/sax_8/IM-4691-0001.dcm	102.5	47.5	31	31
75/study/sax_9/IM-4692-0001.dcm	101	46	32	32
76/study/sax_13/IM-1968-0001.dcm	237.5	138.5	75	75
76/study/sax_14/IM-1969-0001.dcm	237.5	143.5	67	67
77/study/sax_10/IM-9294-0001.dcm	105	50	36	36
77/study/sax_9/IM-9293-0001.dcm	106	52	40	40
78/study/sax_10/IM-6898-0001.dcm	113	52	36	36
78/study/sax_9/IM-6897-0001.dcm	111	52	40	40
79/study/sax_74/IM-2091-0001.dcm	200	148	70	70
79/study/sax_75/IM-2092-0001.dcm	201.5	154.5	63	63
79/study/sax_76/IM-2093-0001.dcm	204.5	158.5	57	57
7/study/sax_49/IM-9022-0001.dcm	102.5	65.5	33	33
7/study/sax_50/IM-9023-0001.dcm	103.5	65.5	35	35
81/study/sax_10/IM-3906-0001.dcm	93	85	46	46
81/study/sax_11/IM-3907-0001.dcm	96	88	40	40
81/study/sax_9/IM-3905-0001.dcm	95.5	84.5	45	45
82/study/sax_12/IM-9267-0001.dcm	107	97	32	32
82/study/sax_13/IM-9268-0001.dcm	105	95	32	32
83/study/sax_10/IM-13912-0001.dcm	86	86	34	34
83/study/sax_11/IM-13913-0001.dcm	90	83	30	30
83/study/sax_9/IM-13911-0001.dcm	85.5	85.5	37	37
84/study/sax_13/IM-0692-0001.dcm	127	103	68	68
84/study/sax_14/IM-0693-0001.dcm	132.5	104.5	61	61
85/study/sax_8/IM-5381-0001.dcm	94.5	63.5	37	37
85/study/sax_9/IM-5382-0001.dcm	98	63	36	36
86/study/sax_10/IM-8291-0001.dcm	96	62	42	42
86/study/sax_9/IM-8290-0001.dcm	98.5	63.5	41	41
87/study/sax_13/IM-2821-0001.dcm	207	122	60	60
87/study/sax_16/IM-2822-0001.dcm	211	125	56	56
88/study/sax_47/IM-7633-0001.dcm	106	66	42	42
88/study/sax_48/IM-7634-0001.dcm	106	67	40	40
88/study/sax_50/IM-7635-0001.dcm	103	66	38	38
89/study/sax_25/IM-5105-0001.dcm	115.5	79.5	29	29
89/study/sax_26/IM-5106-0001.dcm	114.5	80.5	29	29
8/study/sax_57/IM-10223-0001.dcm	107	66	38	38
8/study/sax_58/IM-10224-0001.dcm	108.5	66.5	35	35
8/study/sax_59/IM-10225-0001.dcm	108	66	32	32
90/study/sax_8/IM-12432-0001.dcm	130	72	26	26
90/study/sax_9/IM-12433-0001.dcm	126	70	30	30
91/study/sax_46/IM-8604-0001.dcm	99	58	40	40
91/study/sax_47/IM-8605-0001.dcm	100.5	59.5	37	37
91/study/sax_48/IM-8606-0001.dcm	102	59	32	32
92/study/sax_8/IM-9157-0001.dcm	111	79	34	34
92/study/sax_9/IM-9158-0001.dcm	114.5	78.5	31	31
93/study/sax_57/IM-14166-0001.dcm	110	80	28	28
93/study/sax_58/IM-14167-0001.dcm	109.5	80.5	27	27
94/study/sax_10/IM-5819-0001.dcm	87	59	36	36
94/study/sax_8/IM-5817-0001.dcm	97	65	40	40
94/study/sax_9/IM-5818-0001.dcm	87	61	40	40
95/study/sax_13/IM-2468-0001.dcm	228.5	109.5	87	87
95/study/sax_14/IM-2469-0001.dcm	228	109	86	86
96/study/sax_10/IM-8815-0001.dcm	100	57	32	32
96/study/sax_8/IM-8813-0001.dcm	102.5	62.5	33	33
96/study/sax_9/IM-8814-0001.dcm	97	59	34	34
97/study/sax_11/IM-10983-0001.dcm	95	75	40	40
97/study/sax_17/IM-10989-0001.dcm	103	69	36	36
98/study/sax_10/IM-2275-0001.dcm	228	141	74	74
98/study/sax_11/IM-2276-0001.dcm	234	141	70	70
99/study/sax_8/IM-10738-0001.dcm	132	77	36	36
99/study/sax_9/IM-10739-0001.dcm	132.5	74.5	35	35
9/study/sax_10/IM-9617-0001.dcm	109	62	32	32
9/study/sax_9/IM-9616-0001.dcm	107	62	34	34
