0.0491228	0.257188	0.450877	0.0266642
0.0111857	0.379159	0.920209	0.00746686
0.00537241	0.13981	0.887424	0.0671316
0.0831826	0.366835	0.455696	0.0167989
0.0428456	0.2609	0.582053	0.0108195
0.0708295	0.372317	0.370923	0.0112131
0.0693512	0.354934	0.36689	0.0146679
0.0412844	0.559093	0.557667	0.00159257
0.0222788	0.204494	0.805856	0.0299936
0.0273473	0.299552	0.18505	0.000115967
0.0872727	0.409649	0.189091	0.00100889
0.0173254	0.238566	0.840282	0.0921588
0.0420315	0.494484	0.523643	0.023753
0.0300481	0.186542	0.675481	0.0348671
0.0275	0.166352	0.5375	0.0190303
0.0237099	0.180518	0.429568	0.0144018
0.0537634	0.251953	0.529954	0.022691
0.0353261	0.20654	0.521739	0.0128288
0.0737387	0.470476	0.65718	0.0262399
0.029484	0.0898524	0.4914	0.00387839
0.0336862	0.266164	0.703561	0.0431806
0.0253485	0.118344	0.612928	0.0146948
0.0427553	0.407104	0.684086	0.024427
0.053068	0.339754	0.263682	0.00134006
0.0570342	0.343063	0.494297	0.0127185
0.0325203	0.112855	0.173442	0.000115628
0.0167224	0.0245312	0.250836	0.000137221
0.0666667	0.446934	0.358559	0.000429507
0.0634921	0.356967	0.574603	0.0438135
0.0225352	0.133595	0.540845	0.026233
0.0150788	0.425176	0.682659	0.085251
0.107623	0.522333	0.511211	0.019418
0.0123005	0.343792	0.893617	0.00579721
0.0451807	0.243154	0.578313	0.00551786
0.0641562	0.34827	0.517434	0.0189537
0.0339506	0.282507	0.68107	0.0126899
0.017341	0.121596	0.734104	0.0187794
0.0361217	0.323521	0.608365	0.0086293
0.0526316	0.342117	0.243665	0.000577573
0.0115512	0.368238	0.758526	0.00798159
0.0894855	0.525667	0.478747	0.00325453
0.105012	0.46028	0.288783	0.0135455
0.0322581	0.324689	0.552995	0.0487962
0.0431267	0.258177	0.61186	0.00535369
0.0974265	0.455876	0.340074	0.0112201
0.0604113	0.408551	0.634961	0.0298037
0.131805	0.495471	0.275072	0.00141104
0.0278638	0.463652	0.609907	0.0180513
0.0672589	0.397253	0.630711	0.020294
0.0558767	0.520828	0.302505	0.00593069
0.0214656	0.24297	0.820873	0.037939
0.0523611	0.245287	0.542207	0.0175654
0.0114904	0.181436	0.884082	0.0613405
0.0404814	0.212055	0.50547	0.000400571
0.0160846	0.288128	0.834559	0.0249652
0.0251076	0.401691	0.35868	0.00196542
0.043771	0.539899	0.164983	0.000685808
0.0465686	0.531865	0.563725	0.010538
0.0890585	0.298126	0.21883	0.000690375
0.036036	0.0877274	0.396396	0.00506993
0.0225352	0.36652	0.832998	0.0135209
0.0466786	0.201779	0.456014	0.00406788
0.0501139	0.49669	0.66287	0.0435665
0.0660793	0.354999	0.348018	0.00132582
0.0175015	0.45103	0.908871	0.0241026
0.059633	0.212247	0.266055	0.00190588
0.0348837	0.1747	0.47093	0.00568475
0.100478	0.451865	0.289474	0.00220314
0.0339463	0.354664	0.808345	0.04071
0.0137676	0.326058	0.894224	0.0497565
0.0519187	0.224538	0.419865	0.0345086
0.0722311	0.18663	0.407705	0.0312979
0.0159027	0.211282	0.854069	0.0120015
0.0105263	0.0323752	0.266667	0.00326038
0.0923994	0.461025	0.199702	0.000716824
0.0643127	0.402417	0.617907	0.00898211
0.042735	0.216308	0.653846	0.0590242
0.0920398	0.556598	0.277363	0.000411479
0.0339526	0.285017	0.788597	0.0818303
0.0384615	0.349643	0.744444	0.0503536
0.0657212	0.292196	0.451747	0.00340915
0.0390995	0.441944	0.655806	0.00608679
0.0666667	0.271216	0.396396	0.00914894
0.10683	0.378428	0.474606	0.085019
0.152034	0.49208	0.383298	0.0470127
0.0645161	0.249087	0.264113	0.00656987
0.0278373	0.326422	0.793005	0.00614805
0.0172075	0.146849	0.753687	0.0363562
0.0682415	0.393616	0.461942	0.00145919
0.0519373	0.453795	0.741962	0.0241324
0.0452858	0.53308	0.683742	0.0331826
0.0715206	0.434217	0.436211	0.00544321
0.0303384	0.167206	0.569428	0.012146
0.042641	0.283096	0.580468	0.0110698
0.0496278	0.303212	0.229529	0.000105116
0.019137	0.192669	0.746341	0.0179007
0.0845771	0.594133	0.385572	0.0118088
0.0243434	0.269773	0.821268	0.0309233
0.039548	0.0835527	0.378531	0.00179304
0.0341151	0.261883	0.573561	0.000797526
0.0713624	0.337045	0.278962	0.00140607
0.0735294	0.283457	0.212185	0.000306532
0.0106838	0.105736	0.619658	0.031352
0.0172563	0.33142	0.867127	0.00635625
0.0346667	0.242968	0.704	0.0488048
0.0101156	0.1382	0.725434	0.00541291
0.0159236	0.0790511	0.541401	0.0739115
0.0659091	0.366186	0.184091	0.000478109
0.0807692	0.436021	0.403846	0.00668906
0.0496241	0.338297	0.368421	0.000163213
0.0116009	0.032422	0.614849	0.0297569
0.0779324	0.265302	0.26163	0.00168028
0.0221402	0.0458523	0.472325	0.0346394
0.0383632	0.246893	0.675192	0.0389629
0.0662983	0.312658	0.491713	0.0159883
0.0696629	0.343049	0.350562	0.0124392
0.0300136	0.222203	0.641201	0.0190529
0.024	0.214515	0.810667	0.05574
0.0253036	0.297274	0.837045	0.0669095
0.0452962	0.239528	0.163763	0.000408257
0.0299252	0.202605	0.561097	0.016665
0.026178	0.256295	0.633508	0.0257936
0.0422535	0.301954	0.301937	0.00108688
0.0185396	0.374176	0.919566	0.0602397
0.0448065	0.140888	0.421589	0.0182251
0.0642978	0.318209	0.558376	0.00833627
0.0512367	0.3001	0.44523	0.00432965
0.0501475	0.0551666	0.20354	0.00034825
0.0476673	0.305006	0.48073	0.0430915
0.137821	0.576522	0.522436	0.0608475
0.0231936	0.32712	0.300624	0.000154848
0.0727273	0.49984	0.208264	0.000685628
0.0606061	0.247199	0.507576	0.00552555
0.0182292	0.0208988	0.234375	0.000480769
0.0626703	0.235583	0.250076	0.00246017
0.0366922	0.394406	0.611172	0.01347
0.0442478	0.450325	0.345133	0.00294253
0.0218978	0.0299938	0.375912	0.00307775
0.0437424	0.458477	0.498177	0.00291319
0.0407524	0.252943	0.652038	0.0821971
0.0571429	0.140565	0.338776	0.00482632
0.0360721	0.350058	0.166333	0.000583451
0.0813887	0.309432	0.261241	0.00473384
0.0309278	0.17365	0.479381	0.0116719
0.0565428	0.286443	0.558966	0.0377932
0.016	0.0373271	0.594667	0.0291114
0.0396902	0.318056	0.592449	0.0459611
0.0638298	0.347583	0.471125	0.00619959
0.0333333	0.0709674	0.181481	0.00010229
0.0876777	0.347151	0.35782	0.0115679
0.0510503	0.199397	0.529555	0.0279776
0.0575428	0.351	0.499222	0.0127536
0.0388087	0.314629	0.759928	0.0495366
0.00647821	0.169136	0.896643	0.0112042
0.07275	0.456425	0.615	0.0636712
0.0708263	0.249616	0.381113	0.0131178
0.0319767	0.180925	0.627907	0.0551848
0.00764656	0.264839	0.915038	0.0206093
0.0569106	0.282746	0.48916	0.00655585
0.0345865	0.300669	0.642105	0.0219842
0.0316667	0.316812	0.7425	0.02395
0.0703625	0.418502	0.217484	0.0012259
0.0466926	0.252108	0.291829	0.00147796
0.0775	0.500942	0.1525	0.000487377
0.0659164	0.435166	0.430868	0.00583496
0.057187	0.358628	0.573416	0.0165783
0.0331492	0.155822	0.61326	0.00669714
0.0402299	0.251794	0.699425	0.0382132
0.022335	0.252711	0.37665	0.00230801
0.044316	0.35891	0.612717	0.0552411
0.0451807	0.243154	0.578313	0.00551786
0.0547703	0.448024	0.723498	0.043483
0.0191617	0.287888	0.394012	0.000817419
0.0883534	0.379082	0.305221	0.0129306
0.0322581	0.324689	0.552995	0.0487962
0.0565217	0.377341	0.536232	0.003859
0.0867679	0.343418	0.275488	0.00421843
0.0258398	0.129128	0.45478	0.0518708
0.0428101	0.387915	0.376509	0.0245346
0.0604374	0.370512	0.243738	0.00167123
0.0303174	0.433766	0.87352	0.0614601
0.0430108	0.33499	0.594086	0.0493886
0.0661939	0.275684	0.411348	0.0382894
0.020595	0.159464	0.636156	0.0360153
0.0753138	0.389074	0.488145	0.00726698
0.0240866	0.244843	0.759405	0.037981
0.0164835	0.0296255	0.554945	0.0395088
0.111111	0.556867	0.379798	0.000945367
0.0292984	0.244998	0.349268	0.000464997
0.0747029	0.418036	0.534805	0.0208049
0.0490741	0.452333	0.434259	0.00245094
0.0451807	0.243154	0.578313	0.00551786
0.0684597	0.381301	0.410758	0.0098201
0.0254851	0.290957	0.755864	0.0345183
0.0578778	0.4208	0.33119	0.00413705
0.0204082	0.0945579	0.424036	0.0325503
0.00682594	0.0275183	0.139932	0.000243067
0.0596817	0.47141	0.212202	0.000516312
0.120968	0.496285	0.166667	0.00137598
0.0564885	0.524037	0.603053	0.021401
0.0206612	0.0274324	0.272727	0.00174416
0.0187166	0.083755	0.617647	0.0223552
0.0354785	0.306454	0.771452	0.0282423
0.0504202	0.338694	0.226891	0.00119765
0.0677255	0.324526	0.323045	0.00358751
0.0243506	0.0897402	0.272727	0.00127021
0.0126761	0.268821	0.577465	0.00885064
0.0488599	0.430801	0.368078	0.00474831
0.0350404	0.122489	0.242588	0.00253893
0.0776515	0.356071	0.473485	0.0309977
0.0396476	0.405479	0.202643	0.000141558
0.00614553	0.185225	0.923304	0.0129682
0.112022	0.404296	0.191257	0.0025038
0.0388769	0.238346	0.261339	0.000269911
0.0331325	0.10746	0.587349	0.0109229
0.0138728	0.0862113	0.809249	0.0351156
0.0431267	0.258177	0.61186	0.00535369
0.0379747	0.246043	0.468354	0.00218981
0.0170213	0.242364	0.825836	0.027525
0.0622711	0.360873	0.117216	0.000442618
0.0362041	0.37903	0.710368	0.015505
0.045	0.55074	0.58	0.0102362
0.0530303	0.317358	0.0151515	2.03451e-06
0.0534125	0.41049	0.608309	0.0223762
0.0272109	0.23314	0.715136	0.0206719
0.0292553	0.0864904	0.404255	0.00173718
0.0522273	0.306117	0.308756	0.00134907
0.0168269	0.037301	0.451923	0.000969894
0.0812854	0.519852	0.345936	0.00466761
0.0469136	0.29907	0.565432	0.0295227
0.0735931	0.327103	0.393939	0.00788145
0.0268966	0.322278	0.766897	0.0165848
0.012222	0.18012	0.894402	0.0673844
0.0238095	0.136304	0.639881	0.00317496
0.0210896	0.278766	0.752197	0.0689727
0.0363636	0.303726	0.333333	0.00686052
0.0887949	0.378423	0.410148	0.0089794
0.0251618	0.315796	0.744069	0.0243958
0.0686695	0.360523	0.454936	0.00767958
0.0315582	0.450743	0.0986193	3.27781e-05
0.0956284	0.352364	0.0765027	0.00016909
0.0505549	0.418344	0.54254	0.0047777
0.0427136	0.25749	0.655779	0.0931636


