147/study/sax_9/IM-10148-0001.dcm	41.0122	122	79	8	0.371094	0.0117188	0.4375	0.0703125	0.457031	0.195312	0.386719	0.421875	0.410156	0.480469	0.367188	0.621094	0.292969	0.824219	0.378906	0.96875
158/study/sax_40/IM-12987-0001.dcm	52.3259	144	72	7	0.425781	0.015625	0.355469	0.269531	0.367188	0.453125	0.289062	0.570312	0.328125	0.71875	0.445312	0.878906	0.441406	0.957031
161/study/sax_40/IM-4952-0001.dcm	46.669	118	81	8	0.421875	0.03125	0.421875	0.03125	0.445312	0.234375	0.40625	0.429688	0.429688	0.585938	0.304688	0.753906	0.320312	0.847656	0.382812	0.945312
165/study/sax_15/IM-12060-0001.dcm	53.7401	123	97	7	0.410156	0.015625	0.394531	0.242188	0.46875	0.339844	0.34375	0.570312	0.3125	0.753906	0.339844	0.921875	0.351562	0.945312
170/study/sax_11/IM-11026-0001.dcm	50.9117	108	70	8	0.355469	0.0390625	0.355469	0.0390625	0.46875	0.234375	0.449219	0.332031	0.339844	0.507812	0.371094	0.6875	0.328125	0.816406	0.382812	0.960938
189/study/sax_9/IM-11284-0001.dcm	55.1543	113	72	7	0.394531	0.0195312	0.394531	0.0195312	0.46875	0.207031	0.347656	0.421875	0.300781	0.6875	0.308594	0.890625	0.371094	0.957031
197/study/sax_11/IM-4062-0001.dcm	43.8406	126	96	7	0.445312	0.015625	0.445312	0.015625	0.355469	0.320312	0.4375	0.507812	0.359375	0.664062	0.394531	0.824219	0.492188	0.933594
201/study/sax_33/IM-9915-0001.dcm	38.1838	108	73	11	0.503906	0.0273438	0.503906	0.0273438	0.519531	0.046875	0.5625	0.121094	0.558594	0.28125	0.4375	0.503906	0.429688	0.613281	0.375	0.753906	0.363281	0.847656	0.414062	0.945312	0.429688	0.96875
204/study/sax_53/IM-5942-0001.dcm	41.0122	135	85	10	0.417969	0.0273438	0.507812	0.148438	0.480469	0.273438	0.46875	0.382812	0.441406	0.519531	0.355469	0.625	0.300781	0.664062	0.300781	0.78125	0.335938	0.875	0.375	0.957031
311/study/sax_8/IM-6934-0001.dcm	59.397	147	90	9	0.382812	0.015625	0.363281	0.402344	0.304688	0.582031	0.300781	0.652344	0.382812	0.816406	0.367188	0.859375	0.386719	0.878906	0.421875	0.902344	0.40625	0.96875
311/study/sax_9/IM-6935-0001.dcm	56.5685	148	90	7	0.359375	0.015625	0.359375	0.015625	0.382812	0.246094	0.320312	0.535156	0.328125	0.703125	0.414062	0.867188	0.386719	0.96875
347/study/sax_45/IM-7236-0001.dcm	53.7401	110	63	8	0.304688	0.015625	0.304688	0.015625	0.382812	0.109375	0.433594	0.285156	0.289062	0.605469	0.320312	0.71875	0.226562	0.890625	0.28125	0.984375
34/study/sax_49/IM-13937-0001.dcm	55.1543	107	71	5	0.386719	0	0.386719	0	0.359375	0.785156	0.414062	0.867188	0.402344	0.96875
351/study/sax_10/IM-12422-0001.dcm	42.4264	117	92	5	0.324219	0.0117188	0.476562	0.269531	0.34375	0.441406	0.277344	0.808594	0.304688	0.964844
352/study/sax_9/IM-7042-0001.dcm	53.7401	123	78	6	0.429688	0.0078125	0.429688	0.0078125	0.417969	0.269531	0.367188	0.570312	0.328125	0.800781	0.402344	0.960938
358/study/sax_8/IM-4233-0001.dcm	50.9117	129	97	7	0.390625	0.0273438	0.390625	0.0273438	0.378906	0.398438	0.367188	0.460938	0.28125	0.585938	0.4375	0.839844	0.417969	0.945312
367/study/sax_13/IM-2381-0001.dcm	106.066	238	181	7	0.375	0.0117188	0.375	0.0117188	0.386719	0.367188	0.425781	0.542969	0.28125	0.6875	0.300781	0.832031	0.378906	0.953125
405/study/sax_13/IM-1620-0001.dcm	98.9949	239	183	7	0.371094	0.0195312	0.367188	0.0234375	0.398438	0.402344	0.464844	0.542969	0.367188	0.691406	0.375	0.847656	0.414062	0.972656
406/study/sax_10/IM-6305-0001.dcm	38.1838	131	77	8	0.382812	0.015625	0.382812	0.015625	0.457031	0.125	0.4375	0.308594	0.445312	0.40625	0.351562	0.59375	0.4375	0.738281	0.414062	0.984375
408/study/sax_58/IM-5523-0001.dcm	49.4975	143	66	6	0.425781	0.0195312	0.425781	0.0195312	0.460938	0.128906	0.269531	0.550781	0.417969	0.785156	0.308594	0.96875
411/study/sax_8/IM-10199-0001.dcm	52.3259	131	87	8	0.359375	0.0195312	0.449219	0.105469	0.488281	0.21875	0.410156	0.425781	0.40625	0.515625	0.257812	0.699219	0.28125	0.882812	0.324219	0.964844
411/study/sax_9/IM-10200-0001.dcm	49.4975	133	87	8	0.398438	0.0273438	0.398438	0.0273438	0.371094	0.105469	0.472656	0.21875	0.363281	0.507812	0.363281	0.5625	0.320312	0.695312	0.375	0.941406
414/study/sax_74/IM-8764-0001.dcm	39.598	130	82	6	0.390625	0.0234375	0.390625	0.0234375	0.460938	0.203125	0.359375	0.523438	0.292969	0.785156	0.328125	0.925781
419/study/sax_14/IM-1160-0001.dcm	86.267	200	182	8	0.421875	0.0351562	0.421875	0.0351562	0.351562	0.214844	0.433594	0.542969	0.417969	0.601562	0.277344	0.773438	0.320312	0.863281	0.410156	0.972656
422/study/sax_10/IM-7008-0001.dcm	45.2548	118	86	7	0.410156	0.0195312	0.410156	0.0195312	0.398438	0.269531	0.371094	0.375	0.414062	0.636719	0.328125	0.785156	0.398438	0.980469
422/study/sax_8/IM-7006-0001.dcm	50.9117	119	86	8	0.433594	0.0273438	0.433594	0.0273438	0.453125	0.101562	0.359375	0.386719	0.398438	0.519531	0.304688	0.738281	0.34375	0.914062	0.378906	0.96875
424/study/sax_52/IM-7816-0001.dcm	49.4975	143	66	6	0.386719	0.0390625	0.386719	0.046875	0.429688	0.207031	0.332031	0.585938	0.390625	0.789062	0.378906	0.933594
426/study/sax_9/IM-4260-0001.dcm	49.4975	121	83	7	0.378906	0.03125	0.378906	0.03125	0.457031	0.0820312	0.402344	0.570312	0.285156	0.796875	0.289062	0.898438	0.34375	0.972656
430/study/sax_9/IM-8361-0001.dcm	45.2548	113	90	7	0.425781	0.0273438	0.425781	0.0273438	0.460938	0.214844	0.441406	0.378906	0.253906	0.804688	0.261719	0.886719	0.3125	0.949219
43/study/sax_58/IM-8642-0001.dcm	57.9828	128	66	7	0.363281	0.015625	0.363281	0.015625	0.414062	0.300781	0.304688	0.5625	0.300781	0.722656	0.28125	0.796875	0.34375	0.960938
446/study/sax_14/IM-3311-0001.dcm	106.066	255	182	8	0.382812	0.03125	0.367188	0.0351562	0.410156	0.0625	0.375	0.261719	0.457031	0.558594	0.285156	0.71875	0.261719	0.835938	0.324219	0.960938
479/study/sax_45/IM-9941-0001.dcm	43.8406	123	75	7	0.4375	0.015625	0.4375	0.015625	0.488281	0.222656	0.316406	0.457031	0.335938	0.65625	0.285156	0.710938	0.375	0.96875
481/study/sax_9/IM-10956-0001.dcm	52.3259	123	89	8	0.371094	0.0390625	0.371094	0.0390625	0.433594	0.148438	0.34375	0.453125	0.402344	0.644531	0.3125	0.773438	0.300781	0.921875	0.332031	0.96875
88/study/sax_47/IM-7633-0001.dcm	59.397	127	87	9	0.386719	0.0273438	0.386719	0.0273438	0.425781	0.078125	0.324219	0.308594	0.332031	0.460938	0.371094	0.542969	0.269531	0.65625	0.28125	0.867188	0.386719	0.976562
8/study/sax_57/IM-10223-0001.dcm	53.7401	126	85	6	0.351562	0.0195312	0.351562	0.0195312	0.417969	0.589844	0.308594	0.640625	0.289062	0.804688	0.363281	0.957031
8/study/sax_58/IM-10224-0001.dcm	49.4975	126	84	5	0.40625	0.015625	0.40625	0.015625	0.472656	0.132812	0.277344	0.8125	0.367188	0.957031
99/study/sax_8/IM-10738-0001.dcm	50.9117	150	95	7	0.347656	0.0195312	0.347656	0.0195312	0.355469	0.449219	0.292969	0.574219	0.304688	0.691406	0.425781	0.824219	0.394531	0.964844
99/study/sax_9/IM-10739-0001.dcm	49.4975	150	92	6	0.421875	0.015625	0.421875	0.015625	0.300781	0.5625	0.324219	0.632812	0.40625	0.773438	0.390625	0.964844
102/study/sax_9/IM-4001-0001.dcm	45.2548	149	75	8	0.402344	0.015625	0.402344	0.015625	0.445312	0.222656	0.359375	0.347656	0.382812	0.496094	0.335938	0.667969	0.460938	0.847656	0.445312	0.96875
104/study/sax_7/IM-14358-0001.dcm	38.1838	114	78	5	0.378906	0.0234375	0.378906	0.0234375	0.445312	0.488281	0.359375	0.824219	0.425781	0.964844
108/study/sax_10/IM-2909-0001.dcm	97.5807	188	115	6	0.425781	0.0273438	0.425781	0.0273438	0.402344	0.46875	0.316406	0.519531	0.292969	0.820312	0.394531	0.976562
145/study/sax_46/IM-14024-0001.dcm	42.4264	124	87	5	0.453125	0.0195312	0.453125	0.0195312	0.425781	0.625	0.328125	0.804688	0.386719	0.972656
145/study/sax_47/IM-14025-0001.dcm	45.2548	123	86	7	0.371094	0.0195312	0.378906	0.0273438	0.472656	0.210938	0.335938	0.484375	0.378906	0.652344	0.246094	0.792969	0.351562	0.964844
158/study/sax_42/IM-12989-0001.dcm	55.1543	146	69	9	0.359375	0.0117188	0.359375	0.0117188	0.390625	0.210938	0.304688	0.332031	0.316406	0.390625	0.261719	0.53125	0.292969	0.714844	0.367188	0.8125	0.335938	0.992188
204/study/sax_54/IM-5943-0001.dcm	38.1838	139	88	6	0.457031	0.0234375	0.457031	0.0234375	0.480469	0.480469	0.359375	0.742188	0.339844	0.917969	0.378906	0.976562
240/study/sax_20/IM-0749-0001.dcm	103.238	178	150	9	0.394531	0.015625	0.394531	0.015625	0.355469	0.15625	0.414062	0.273438	0.386719	0.585938	0.277344	0.679688	0.285156	0.808594	0.308594	0.902344	0.410156	0.96875
