1
3
8
11
12
14
15
20
21
22
24
28
29
30
32
34
35
37
38
39
40
43
44
45
47
50
52
57
61
63
65
66
67
69
70
71
76
79
85
88
89
91
95
98
99
102
103
104
106
108
109
110
113
115
116
118
120
123
124
125
128
132
140
141
145
147
156
158
161
164
165
169
170
172
174
175
176
177
179
182
186
188
189
191
192
197
198
199
200
201
203
204
205
207
209
210
212
213
215
217
219
220
223
227
228
229
230
231
234
238
240
242
244
249
250
252
254
259
260
261
265
268
270
271
275
276
277
279
280
281
282
283
284
285
286
290
292
293
299
300
307
311
312
313
314
315
317
318
322
325
326
327
329
332
336
337
339
341
343
347
349
350
351
352
353
358
359
361
363
364
365
367
368
370
372
375
376
379
381
382
384
387
388
389
394
395
396
398
399
401
403
404
405
406
408
409
411
412
413
414
415
416
417
419
421
422
423
424
425
426
427
428
429
430
435
440
446
448
449
450
453
454
457
460
461
463
464
471
472
473
475
477
478
479
481
483
484
486
488
489
491
494
496
497
499
